name	code	style	nameStringKey	subscriberOnly	startingQuestCheat	closeOnComplete	repeatable	repeatRateInSeconds	skipActivateFanfare	skipCompleteFanfare	endOfActNumber	autoTrackOnActivate	autoActivateLevel	onlyOneDifficulty	currentlyUnavailable	minLevelPreReq	maxLevelPreReq	factionTypePreReq	factionAmountPreReq	startingItemsTreasureClass	removeStartingItemsOnComplete	offerReward	castGiver	levelStoryQuestStartsIn	castRewarder	levelRewarderNpc	giverItem	giverItemDropRate	level	levelNightmare	experienceMultiplier	moneyMultiplier	statPoints	skillPoints	factionTypeReward	factionAmountReward	InitFunction	FreeFunction	onEnterGameFunction	warpToOpenOnActivate	warpToOpenOnComplete	versionFunction	beatGameOnComplete	weight	radius	height	flatZTolerance	layoutAdventure	objectAdventure	treasureRoomClass	template	descriptionDialog	inCompleteDialog	completeDialog	rewardDialog	acceptButtonText	objectiveMonster	objectiveUnitType	objectiveObject	objectiveCount	collectDropRate	collectItem	explorePercent	spawnCount	nameOverrideStringKey	nameInLogOverrideStringKey	logOverrideState	logOverrideString	subLevelTypeTruthOld	subLevelTypeTruthNew	questStateAdvanceToAtSubLevelTrut	monsterBoss	globalthemeRequired	
Tutorial	16705	0	10713	0	0	1	0	0	0	0	0	0	-1	0	0	1	-1	-1	0	-1	0	-1	-1	0	-1	-1	-1	1	1	31	0	0	0	0	-1	0	TutorialInit	TutorialFree	TutorialOnEnterGame	-1	-1		0	0	0	0	0		-1	-1	-1	-1	-1	-1	-1	1148	-1	-1	-1	1	1	-1	0	0	-1	-1	-1	-1	0	0	-1	-1	-1
Broken	29249	0	10852	0	0	1	0	0	0	0	0	1	-1	0	0	1	-1	-1	0	-1	0	209	16	1	16	-1	-1	1	1	31	0	0	0	0	-1	0	BrokenInit	BrokenFree		-1	-1		0	0	0	0	0		-1	-1	-1	-1	-1	-1	-1	1151	-1	-1	-1	1	1	-1	0	0	-1	-1	-1	-1	0	0	-1	-1	-1
DoorFix	28993	0	10860	0	0	0	0	0	0	0	0	1	-1	0	0	1	-1	-1	0	-1	0	-1	37	1	37	1	-1	1	3	33	2	10	0	0	3	300	DoorFixInit	DoorFixFree	DoorFixOnEnterGame	-1	-1		0	0	0	0	0		-1	-1	-1	316	317	318	-1	1148	-1	-1	-1	8	0.4	16	0	0	-1	-1	-1	-1	0	0	-1	-1	-1
Intro	27713	0	10871	0	0	1	0	0	0	0	0	1	-1	0	0	1	-1	-1	0	-1	0	-1	-1	1	17	-1	-1	1	1	31	8	0	0	0	-1	0	IntroInit	IntroFree		11	-1		0	0	0	0	0		-1	-1	-1	-1	-1	-1	-1	1148	-1	-1	-1	1	1	-1	0	0	-1	-1	-1	-1	0	0	-1	-1	-1
Hellyard	17217	0	10883	0	0	1	0	0	0	0	0	1	-1	0	0	1	-1	-1	0	-1	0	-1	17	7	17	-1	-1	1	4	32	3	35	0	0	-1	0	HellyardInit	HellyardFree		14	-1		0	0	0	0	0		-1	-1	-1	-1	-1	-1	-1	1148	-1	-1	-1	1	1	-1	0	0	-1	-1	-1	-1	0	0	-1	-1	-1
TestMonkey	17473	0	10902	0	0	1	0	0	0	0	0	1	-1	0	0	1	-1	-1	0	-1	0	-1	17	7	-1	-1	-1	1	6	34	0	0	0	0	-1	0	TestMonkeyInit	TestMonkeyFree		15	-1		0	0	0	0	0		-1	-1	-1	-1	-1	-1	-1	1148	-1	-1	-1	1	1	-1	0	0	-1	-1	-1	-1	0	0	-1	-1	-1
Truth_A	17729	0	10917	0	0	1	0	0	0	0	1	1	-1	0	0	1	-1	-1	0	-1	0	-1	-1	14	17	-1	-1	1	7	35	10	0	0	0	-1	0	TruthAInit	TruthAFree		-1	-1		0	0	0	0	0		-1	-1	-1	-1	-1	-1	-1	1148	-1	-1	-1	1	1	-1	0	0	-1	-1	-1	-1	2	3	51	-1	-1
Wisdom_Chaos	17985	0	10943	0	1	1	0	0	0	0	0	1	-1	0	0	1	-1	-1	0	-1	0	-1	17	7	19	-1	-1	1	8	36	0	0	0	0	-1	0	WisdomChaosInit	WisdomChaosFree		19	-1		0	0	0	0	0		-1	-1	-1	-1	-1	-1	-1	1148	-1	-1	-1	1	1	-1	0	0	-1	-1	-1	-1	0	0	-1	-1	-1
Books	18241	0	10951	0	0	1	0	0	0	0	0	1	-1	0	0	1	-1	-1	0	-1	0	-1	19	18	19	-1	-1	1	9	35	2	40	0	0	-1	0	BooksInit	BooksFree		22	-1		0	0	0	0	0		-1	-1	-1	-1	-1	-1	-1	1148	-1	-1	-1	1	1	-1	0	0	-1	-1	-1	-1	0	0	-1	-1	-1
Stitch_A	19523	0	10967	0	0	1	0	0	0	0	0	1	-1	0	0	1	-1	-1	0	-1	0	-1	19	18	20	-1	-1	1	10	36	0	0	0	0	-1	0	StitchAInit	StitchAFree	StitchAOnEnterGame	-1	-1		0	0	0	0	0		-1	-1	-1	-1	-1	-1	-1	1148	-1	-1	-1	8	0.6	30	0	0	-1	-1	-1	-1	0	0	-1	-1	-1
Stitch_B	19779	0	10983	0	0	1	0	0	0	0	0	1	-1	0	0	1	-1	-1	0	-1	0	-1	20	23	-1	-1	-1	1	10	36	0	0	0	0	-1	0	StitchBInit	StitchBFree	StitchBOnEnterGame	69	-1		0	0	0	0	0		-1	-1	-1	-1	-1	-1	-1	1148	-1	-1	-1	8	0.6	31	0	0	-1	-1	-1	-1	0	0	-1	-1	-1
Stitch_C	20035	0	10995	0	0	1	0	0	0	0	0	1	-1	0	0	1	-1	-1	0	-1	0	-1	20	23	-1	-1	-1	1	10	36	0	0	0	0	-1	0	StitchCInit	StitchCFree		68	-1		0	0	0	0	0		-1	-1	-1	-1	-1	-1	-1	1148	-1	-1	-1	1	1	-1	0	0	-1	-1	-1	-1	0	0	-1	-1	-1
Chocolate	18753	0	11009	0	0	1	0	0	0	0	0	1	-1	0	0	1	-1	-1	0	-1	0	-1	20	23	-1	-1	-1	1	11	37	4	30	0	0	-1	0	ChocolateInit	ChocolateFree		24	-1		0	0	0	0	0		-1	-1	-1	-1	-1	-1	-1	1148	-1	-1	-1	1	1	-1	0	0	-1	-1	-1	-1	0	0	-1	-1	-1
HoldFast	19009	0	11037	0	0	1	0	0	0	0	0	1	-1	0	0	1	-1	-1	0	-1	0	-1	19	18	-1	-1	-1	1	11	37	0	0	0	0	-1	0	HoldFastInit	HoldFastFree		25	-1		0	0	0	0	0		-1	-1	-1	-1	-1	-1	-1	1148	-1	-1	-1	1	1	-1	0	8	-1	-1	-1	-1	0	0	-1	-1	-1
Redout	19265	0	11062	0	0	1	0	0	0	0	0	1	-1	0	0	1	-1	-1	0	-1	0	-1	20	18	-1	-1	-1	1	12	38	6	20	0	0	-1	0	RedoutInit	RedoutFree		26	-1		0	0	0	0	0		-1	-1	-1	-1	-1	-1	-1	1148	-1	-1	-1	1	1	-1	0	0	-1	-1	-1	-1	0	0	-1	-1	-1
Mind314	19521	0	11079	0	0	1	0	0	0	0	2	1	-1	0	0	1	-1	-1	0	-1	0	-1	20	18	-1	-1	-1	1	12	38	0	0	0	0	-1	0	Mind314Init	Mind314Free		-1	-1	Mind314Version	0	0	0	0	0		-1	-1	-1	-1	-1	-1	-1	1148	-1	-1	-1	1	1	-1	0	4	-1	-1	-1	-1	4	5	130	-1	-1
ToTemple	25153	0	11109	0	0	1	0	0	0	0	0	1	-1	0	0	1	-1	-1	0	-1	0	-1	19	18	22	-1	-1	1	15	41	0	0	0	0	-1	0	ToTempleInit	ToTempleFree		27	-1		0	0	0	0	0		-1	-1	-1	-1	-1	-1	-1	1148	-1	-1	-1	1	1	-1	0	0	-1	-1	-1	-1	0	0	-1	-1	-1
FirstSample	22338	0	11125	0	0	1	0	0	0	0	0	1	-1	0	0	1	-1	-1	0	-1	0	-1	22	41	23	-1	-1	1	16	39	2	40	0	0	-1	0	FirstSampleInit	FirstSampleFree		30	-1		0	0	0	0	0		-1	-1	-1	-1	-1	-1	-1	1148	-1	-1	-1	1	1	-1	0	0	-1	-1	-1	-1	0	0	-1	-1	-1
WormHunt	22594	0	11139	0	0	1	0	0	0	0	0	1	-1	0	0	1	-1	-1	0	-1	0	-1	23	41	22	-1	-1	1	16	39	5	25	0	0	-1	0	WormHuntInit	WormHuntFree		31	-1		0	0	0	0	0		-1	-1	-1	-1	-1	-1	-1	1148	-1	-1	-1	1	1	-1	0	0	-1	-1	-1	-1	0	0	-1	-1	-1
BigGundown	22850	0	11157	0	0	1	0	0	0	0	0	1	-1	0	0	1	-1	-1	0	-1	0	-1	22	41	22	-1	-1	1	17	40	0	0	0	0	-1	0	BigGundownInit	BigGundownFree		32	-1		0	0	0	0	0		-1	-1	-1	-1	-1	-1	-1	1148	-1	-1	-1	1	1	-1	0	0	-1	-1	-1	-1	0	0	-1	-1	-1
SecondSample	23106	0	11169	0	0	1	0	0	0	0	0	1	-1	0	0	1	-1	-1	0	-1	0	-1	22	41	23	-1	-1	1	17	40	2	40	0	0	-1	0	SecondSampleInit	SecondSampleFree		33	-1		0	0	0	0	0		-1	-1	-1	-1	-1	-1	-1	1148	-1	-1	-1	1	1	-1	0	0	-1	-1	-1	-1	0	0	-1	-1	-1
Cleanup	24898	0	11186	0	0	1	0	0	0	0	0	1	-1	0	0	1	-1	-1	0	-1	0	-1	22	41	-1	-1	-1	1	18	41	0	0	0	0	-1	0	CleanupInit	CleanupFree		34	-1		0	0	0	0	0		-1	-1	-1	-1	-1	-1	-1	1148	-1	-1	-1	1	1	-1	0	0	-1	-1	-1	-1	0	0	-1	-1	-1
Truth_C	25154	0	11197	0	0	1	0	0	0	0	3	1	-1	0	0	1	-1	-1	0	-1	0	-1	-1	41	24	-1	-1	1	19	42	14	0	0	0	-1	0	Truth_CInit	Truth_CFree		-1	43		0	0	0	0	0		-1	-1	-1	-1	-1	-1	-1	1148	-1	-1	-1	1	1	-1	0	0	-1	-1	-1	-1	6	7	160	449	-1
HelpRescue	27970	0	11218	0	0	1	0	0	0	0	0	1	-1	0	0	1	-1	-1	0	-1	0	-1	24	58	25	-1	-1	1	19	43	6	20	0	0	-1	0	HelpRescueInit	HelpRescueFree		-1	37		0	0	0	0	0		-1	-1	-1	-1	-1	-1	-1	1148	-1	-1	-1	1	1	-1	0	0	-1	-1	-1	-1	0	0	-1	-1	-1
RiftScan	28226	0	11246	0	0	1	0	0	0	0	0	1	-1	0	0	1	-1	-1	0	-1	0	-1	25	42	25	-1	-1	1	20	44	7	15	0	0	-1	0	RiftScanInit	RiftScanFree		38	-1		0	0	0	0	0		-1	-1	-1	-1	-1	-1	-1	1148	-1	-1	-1	1	1	-1	0	0	-1	-1	-1	-1	0	0	-1	-1	-1
SecretMessages	28482	0	11258	0	0	1	0	0	0	0	0	1	-1	0	0	1	-1	-1	0	-1	0	-1	25	42	19	-1	-1	1	21	45	0	0	0	0	-1	0	SecretMessagesInit	SecretMessagesFree		39	-1		0	0	0	0	0		-1	-1	-1	-1	-1	-1	-1	1148	-1	-1	-1	1	1	-1	0	0	-1	-1	-1	-1	0	0	-1	-1	-1
Lure	28738	0	11279	0	0	1	0	0	0	0	0	1	-1	0	0	1	-1	-1	0	-1	0	-1	24	58	24	-1	-1	1	22	46	0	0	0	0	-1	0	LureInit	LureFree		45	-1		0	0	0	0	0		-1	-1	-1	-1	-1	-1	-1	1148	-1	-1	-1	1	1	-1	0	0	-1	-1	-1	-1	0	0	-1	-1	-1
PortalBoost	28994	0	11292	0	0	1	0	0	0	0	0	1	-1	0	0	1	-1	-1	0	-1	0	-1	24	58	24	-1	-1	1	23	47	0	0	0	0	-1	0	PortalBoostInit	PortalBoostFree		46	-1		0	0	0	0	0		-1	-1	-1	-1	-1	-1	-1	1148	-1	-1	-1	1	0.75	-1	0	0	-1	-1	-1	-1	0	0	-1	-1	-1
TrainFix	29250	0	11313	0	0	1	0	0	0	0	0	1	-1	0	0	1	-1	-1	0	-1	0	-1	24	58	-1	-1	-1	1	24	48	0	0	0	0	-1	0	TrainFixInit	TrainFixFree	TrainFixOnEnterGame	47	-1		0	0	0	0	0		-1	-1	-1	-1	-1	-1	-1	1148	-1	-1	-1	1	1	-1	0	0	-1	-1	-1	-1	0	0	-1	-1	-1
RescueRide	29506	0	11331	0	0	1	0	0	0	0	0	1	-1	0	0	1	-1	-1	0	-1	0	-1	-1	81	-1	-1	-1	1	24	50	0	0	0	0	-1	0	RescueRideInit	RescueRideFree		-1	-1		0	0	0	0	0		-1	-1	-1	-1	-1	-1	-1	1148	-1	-1	-1	1	1	-1	0	0	-1	-1	-1	-1	0	0	-1	-1	-1
Truth_D	29762	0	11349	0	0	1	0	0	0	0	4	1	-1	0	0	1	-1	-1	0	-1	0	-1	-1	82	-1	-1	-1	1	25	51	16	0	0	0	-1	0	Truth_DInit	Truth_DFree		-1	53		0	0	0	0	0		-1	-1	-1	-1	-1	-1	-1	1148	-1	-1	-1	1	1	-1	0	0	-1	-1	-1	-1	8	9	205	-1	-1
Triage	30274	0	11365	0	0	1	0	0	0	0	0	1	-1	0	0	1	-1	-1	0	-1	0	-1	-1	42	26	-1	-1	1	25	49	5	25	0	0	-1	0	TriageInit	TriageFree		40	-1		0	0	0	0	0		-1	-1	-1	-1	-1	-1	-1	1148	-1	-1	-1	1	1	-1	0	0	-1	-1	-1	-1	0	0	-1	-1	-1
Deep	30530	0	11389	0	0	1	0	0	0	0	0	1	-1	0	0	1	-1	-1	0	-1	0	-1	19	42	26	-1	-1	1	27	50	3	35	0	0	-1	0	DeepInit	DeepFree		50	-1		0	0	0	0	0		-1	-1	-1	-1	-1	-1	-1	1148	-1	-1	-1	1	1	-1	0	0	-1	-1	-1	-1	0	0	-1	-1	-1
TheSigil	30786	0	11411	0	0	1	0	0	0	0	0	1	-1	0	0	1	-1	-1	0	-1	0	-1	26	87	26	-1	-1	1	27	53	0	0	0	0	-1	0	TheSigilInit	TheSigilFree		61	-1		0	0	0	0	0		-1	-1	-1	-1	-1	-1	-1	1148	-1	-1	-1	1	1	-1	0	0	-1	-1	-1	-1	0	0	-1	-1	-1
TestKnowledge	30018	0	11419	0	0	1	0	0	0	0	0	1	-1	0	0	1	-1	-1	0	-1	0	-1	28	104	-1	-1	-1	1	28	57	5	0	0	0	-1	0	TestKnowledgeInit	TestKnowledgeFree		-1	72		0	0	0	0	0		-1	-1	-1	-1	-1	-1	-1	1148	-1	-1	-1	1	1	-1	0	0	-1	-1	-1	-1	0	0	-1	-1	-1
TestLeadership	31042	0	11432	0	0	1	0	0	0	0	0	1	-1	0	0	1	-1	-1	0	-1	0	-1	29	106	-1	-1	-1	1	28	57	5	0	0	0	-1	0	TestLeadershipInit	TestLeadershipFree		-1	73		0	0	0	0	0		-1	-1	-1	-1	-1	-1	-1	1148	-1	-1	-1	1	1	-1	0	0	-1	-1	-1	-1	0	0	-1	-1	-1
TestBeauty	31298	0	11447	0	0	1	0	0	0	0	0	1	-1	0	0	1	-1	-1	0	-1	0	-1	30	108	-1	-1	-1	1	28	57	5	0	0	0	-1	0	TestBeautyInit	TestBeautyFree		-1	74		0	0	0	0	0		-1	-1	-1	-1	-1	-1	-1	1148	-1	-1	-1	1	1	-1	0	0	-1	-1	-1	-1	0	0	-1	-1	-1
TestFellowship	16707	0	11461	0	0	1	0	0	0	0	0	1	-1	0	0	1	-1	-1	0	-1	0	-1	31	110	-1	-1	-1	1	29	58	5	0	0	0	-1	0	TestFellowshipInit	TestFellowshipFree		-1	75		0	0	0	0	0		-1	-1	-1	-1	-1	-1	-1	1148	-1	-1	-1	1	1	-1	0	0	-1	-1	-1	-1	0	0	-1	-1	-1
TestHope	16963	0	11478	0	0	1	0	0	0	0	0	1	-1	0	0	1	-1	-1	0	-1	0	-1	27	112	-1	-1	-1	1	29	58	5	0	0	0	-1	0	TestHopeInit	TestHopeFree		-1	-1		0	0	0	0	0		-1	-1	-1	-1	-1	-1	-1	1148	-1	-1	-1	1	1	-1	0	0	-1	-1	-1	-1	0	0	-1	-1	-1
Truth_E	17475	0	10710	0	0	1	0	0	0	0	5	1	-1	0	0	1	-1	-1	0	-1	0	-1	-1	112	-1	-1	-1	1	29	58	20	0	0	0	-1	0	Truth_EInit	Truth_EFree		-1	60		0	0	0	0	0		-1	-1	-1	-1	-1	-1	-1	1148	-1	-1	-1	1	1	-1	0	0	-1	-1	-1	-1	10	11	239	-1	-1
Hellgate	17219	0	11506	0	0	1	0	0	0	0	0	1	-1	0	0	1	-1	-1	0	-1	0	-1	-1	115	-1	-1	-1	1	30	60	0	0	0	0	-1	0	HellgateInit	HellgateFree		-1	-1		1	0	0	0	0		-1	-1	-1	-1	-1	-1	-1	1148	-1	-1	-1	1	1	-1	0	0	-1	-1	-1	-1	0	0	-1	-1	-1
MiniRoomAdv	22337	4	-1	0	0	0	0	0	0	0	0	0	-1	0	0	1	-1	-1	0	-1	0	-1	-1	-1	-1	-1	-1	1	1	30	0	0	0	0	-1	0				-1	-1		0	1	1.6	3	0.01		238	-1	-1	-1	-1	-1	-1	1148	-1	-1	-1	1	1	-1	0	0	-1	-1	-1	-1	0	0	-1	-1	-1
MiniRoomAdvChampion	22593	4	-1	0	0	0	0	0	0	0	0	0	-1	0	0	1	-1	-1	0	-1	0	-1	-1	-1	-1	-1	-1	1	1	30	0	0	0	0	-1	0				-1	-1		0	1	1.6	3	0.01		238	-1	-1	-1	-1	-1	-1	1148	-1	-1	-1	1	1	-1	0	0	-1	-1	-1	-1	0	0	-1	-1	-1
MiniRoomAdvTreasure	21569	4	-1	0	0	0	0	0	0	0	0	0	-1	0	0	1	-1	-1	0	-1	0	-1	-1	-1	-1	-1	-1	1	1	30	0	0	0	0	-1	0				-1	-1		0	1	1.6	3	0.01		238	250	-1	-1	-1	-1	-1	1148	-1	-1	-1	1	1	-1	0	0	-1	-1	-1	-1	0	0	-1	-1	-1
MiniSewerAdv	22849	4	-1	0	0	0	0	0	0	0	0	0	-1	0	0	1	-1	-1	0	-1	0	-1	-1	-1	-1	-1	-1	1	1	30	0	0	0	0	-1	0				-1	-1		0	1	1.6	3	0.01		243	-1	-1	-1	-1	-1	-1	1148	-1	-1	-1	1	1	-1	0	0	-1	-1	-1	-1	0	0	-1	-1	-1
MiniSewerAdvChampion	23105	4	-1	0	0	0	0	0	0	0	0	0	-1	0	0	1	-1	-1	0	-1	0	-1	-1	-1	-1	-1	-1	1	1	30	0	0	0	0	-1	0				-1	-1		0	1	1.6	3	0.01		243	-1	-1	-1	-1	-1	-1	1148	-1	-1	-1	1	1	-1	0	0	-1	-1	-1	-1	0	0	-1	-1	-1
MiniSewerAdvTreasure	24897	4	-1	0	0	0	0	0	0	0	0	0	-1	0	0	1	-1	-1	0	-1	0	-1	-1	-1	-1	-1	-1	1	1	30	0	0	0	0	-1	0				-1	-1		0	1	1.6	3	0.01		243	250	-1	-1	-1	-1	-1	1148	-1	-1	-1	1	1	-1	0	0	-1	-1	-1	-1	0	0	-1	-1	-1
MiniCavesAdv	17987	4	-1	0	0	0	0	0	0	0	0	0	-1	0	0	1	-1	-1	0	-1	0	-1	-1	-1	-1	-1	-1	1	1	30	0	0	0	0	-1	0				-1	-1		0	1	1.6	3	0.01		244	-1	-1	-1	-1	-1	-1	1148	-1	-1	-1	1	1	-1	0	0	-1	-1	-1	-1	0	0	-1	-1	-1
MiniCavesAdvChampion	18243	4	-1	0	0	0	0	0	0	0	0	0	-1	0	0	1	-1	-1	0	-1	0	-1	-1	-1	-1	-1	-1	1	1	30	0	0	0	0	-1	0				-1	-1		0	1	1.6	3	0.01		244	-1	-1	-1	-1	-1	-1	1148	-1	-1	-1	1	1	-1	0	0	-1	-1	-1	-1	0	0	-1	-1	-1
MiniCavesAdvTreasure	18499	4	-1	0	0	0	0	0	0	0	0	0	-1	0	0	1	-1	-1	0	-1	0	-1	-1	-1	-1	-1	-1	1	1	30	0	0	0	0	-1	0				-1	-1		0	1	1.6	3	0.01		244	250	-1	-1	-1	-1	-1	1148	-1	-1	-1	1	1	-1	0	0	-1	-1	-1	-1	0	0	-1	-1	-1
Lost	20289	3	11537	0	0	0	0	0	0	0	0	0	-1	0	0	1	-1	-1	0	-1	0	9	4	-1	5	-1	-1	1	4	34	0.2	1	0	0	-1	0				-1	-1		0	0	0	0	0		-1	-1	5	242	-1	243	288	1148	-1	-1	-1	1	1	-1	0	0	9558	9559	-1	-1	0	0	-1	-1	-1
TimeOrb	20545	3	11542	0	0	0	0	0	0	0	0	0	-1	0	0	1	-1	-1	0	-1	0	11	6	-1	7	-1	-1	1	6	36	0.2	1	0	0	-1	0	TimeOrbInit	TimeOrbFree		-1	-1		0	0	0	0	0		-1	-1	-1	-1	-1	-1	-1	1148	-1	-1	-1	1	1	-1	0	0	-1	-1	-1	-1	0	0	-1	-1	-1
Dark	20801	3	11563	0	0	0	0	0	0	0	0	0	-1	0	0	1	-1	-1	0	-1	0	6	8	-1	9	-1	-1	1	8	38	0.2	1	0	0	-1	0	DarkInit	DarkFree		-1	-1		0	0	0	0	0		-1	-1	-1	-1	-1	-1	-1	1148	-1	-1	-1	1	1	-1	0	0	-1	-1	-1	-1	0	0	-1	-1	-1
War	21057	3	11577	0	0	0	0	0	0	0	0	0	-1	0	0	1	-1	-1	0	-1	0	12	10	-1	11	-1	-1	1	10	40	0.2	1	0	0	-1	0	WarInit	WarFree		-1	-1		0	0	0	0	0		-1	-1	-1	-1	-1	-1	-1	1148	-1	-1	-1	1	1	-1	0	0	-1	-1	-1	-1	0	0	-1	-1	-1
Death	21313	3	11590	0	0	0	0	0	0	0	0	0	-1	0	0	1	-1	-1	0	-1	0	14	12	-1	13	-1	-1	1	12	42	0.2	1	0	0	-1	0	DeathInit	DeathFree		-1	-1		0	0	0	0	0		-1	-1	-1	-1	-1	-1	-1	1148	-1	-1	-1	1	1	-1	0	0	-1	-1	-1	-1	0	0	-1	-1	-1
Joey	20033	1	11524	0	0	0	0	0	0	0	0	0	-1	0	0	1	-1	-1	0	-1	0	8	2	-1	3	1	-1	1	2	31	0.2	0.2	0	0	3	100	JoeyInit	JoeyFree		-1	-1		0	0	0	0	0		-1	-1	-1	-1	-1	-1	-1	1148	-1	-1	-1	1	1	-1	0	0	-1	-1	-1	-1	0	0	-1	-1	-1
JoeySecret	27457	1	11703	0	0	0	0	0	0	0	0	0	-1	0	0	1	-1	-1	0	-1	0	-1	35	-1	35	1	-1	1	3	32	5	0	1	0	3	100				-1	-1		0	0	0	0	0		-1	-1	2	301	302	303	-1	1148	114	-1	-1	12	1	-1	0	0	-1	-1	-1	-1	0	0	-1	-1	-1
Dawn	27969	1	11709	0	0	0	0	0	0	0	0	0	-1	0	0	1	-1	-1	0	-1	0	23	36	-1	36	1	-1	1	1	30	2	10	0	0	3	100				-1	-1		0	0	0	0	0		-1	-1	2	304	305	306	307	1148	519	132	-1	10	1	-1	0	0	-1	-1	-1	-1	0	0	-1	-1	-1
Day	28225	1	11715	0	0	0	0	0	0	0	0	0	-1	0	0	1	-1	-1	0	-1	0	24	36	-1	36	1	-1	1	2	31	2	10	0	0	3	100				-1	-1		0	0	0	0	0		-1	-1	2	308	309	310	311	1148	540	-1	-1	3	1	-1	0	0	-1	-1	-1	-1	0	0	-1	-1	-1
Night	28481	1	11721	0	0	0	0	0	0	0	0	0	-1	0	0	1	-1	-1	0	-1	0	25	36	-1	36	1	-1	1	3	32	2	10	1	0	3	100				-1	-1		0	0	0	0	0		-1	-1	0	312	313	314	315	1148	593	-1	-1	1	1	-1	0	0	-1	-1	-1	-1	0	0	-1	-1	-1
Fangsnort	29505	1	11661	0	0	0	0	0	0	0	0	0	-1	0	0	1	-1	-1	0	-1	0	-1	38	-1	17	7	-1	1	4	32	5	25	0	0	4	100				-1	-1		0	0	0	0	0		-1	-1	1	320	321	322	-1	1148	226	-1	-1	1	1	69	0	0	-1	-1	-1	-1	0	0	-1	-1	-1
BagoBones	29761	1	11660	0	0	0	0	0	0	0	0	0	-1	0	0	1	-1	-1	0	-1	0	-1	38	-1	17	7	-1	1	5	33	5	25	0	0	4	100				-1	-1		0	0	0	0	0		-1	-1	1	320	321	322	-1	1148	453	-1	-1	1	1	70	0	0	-1	-1	-1	-1	0	0	-1	-1	-1
Bigger	27201	1	11697	0	0	0	0	0	0	0	0	0	-1	0	0	1	-1	-1	0	-1	0	22	33	-1	33	7	-1	1	4	32	2	12.5	0	0	4	100				-1	-1		0	0	0	0	0		-1	-1	0	297	298	299	300	1148	174	-1	-1	1	1	-1	0	0	-1	-1	-1	-1	0	0	-1	-1	-1
Panic	26689	1	11691	0	0	0	0	0	0	0	0	0	-1	0	0	1	-1	-1	0	-1	0	20	33	-1	33	7	-1	1	5	33	2	4	1	0	4	100				-1	-1		0	0	0	0	0		-1	-1	2	289	290	291	292	1148	359	-1	-1	8	1	-1	0	0	-1	-1	-1	-1	0	0	-1	-1	-1
OnTheStreets	20547	1	11745	0	0	0	0	0	0	0	0	0	-1	0	0	1	-1	-1	0	-1	0	63	33	-1	33	7	-1	1	8	36	3	5	0	0	4	100				-1	-1		0	0	0	0	0		-1	-1	3	499	500	501	502	1148	-1	-1	-1	1	1	-1	0.9	0	-1	-1	-1	-1	0	0	-1	-1	-1
TemplarClassCGS1	30529	1	11727	0	0	0	0	0	0	0	0	0	-1	0	0	1	-1	-1	0	-1	0	-1	40	-1	40	7	-1	1	4	32	2	0	0	0	4	100				-1	-1		0	0	0	0	0		-1	-1	2	331	332	333	334	1148	224	-1	-1	16	1	-1	0	0	-1	-1	-1	-1	0	0	-1	-1	-1
SweetDreams	20803	1	11751	0	0	0	0	0	0	0	0	0	-1	0	0	1	-1	-1	0	-1	0	64	40	-1	40	7	-1	1	7	35	1	10	1	0	4	100				-1	-1		0	0	0	0	0		-1	-1	2	503	504	505	506	1148	441	-1	-1	9	1	-1	0	0	-1	-1	-1	-1	0	0	-1	-1	-1
TrustMeToTrustYou	21059	1	11757	0	0	0	0	0	0	0	0	0	-1	0	0	1	-1	-1	0	192	1	65	40	-1	40	7	-1	1	8	36	3	10	0	0	4	100				-1	-1		0	0	0	0	0		-1	-1	7	507	508	509	510	1148	452	-1	-1	1	1	-1	0	0	-1	-1	-1	-1	0	0	-1	-1	-1
CabalistClassCGS1	30273	1	11739	0	0	0	0	0	0	0	0	0	-1	0	0	1	-1	-1	0	-1	0	-1	41	-1	41	7	-1	1	4	32	2	0	0	0	4	100				-1	-1		0	0	0	0	0		-1	-1	0	327	328	329	330	1148	460	-1	-1	1	1	-1	0	0	-1	-1	-1	-1	0	0	-1	-1	-1
TroubleFind	21315	1	11763	0	0	0	0	0	0	0	0	0	-1	0	0	1	-1	-1	0	-1	0	66	41	-1	41	7	-1	1	5	33	1	10	0	0	4	100				-1	-1		0	0	0	0	0		-1	-1	3	511	512	513	514	1148	-1	-1	-1	1	1	-1	0.9	0	-1	-1	-1	-1	0	0	-1	-1	-1
InARow	21571	1	11769	0	0	0	0	0	0	0	0	0	-1	0	0	1	-1	-1	0	-1	0	67	41	-1	41	7	-1	1	8	36	3	10	1	0	4	100				-1	-1		0	0	0	0	0		-1	-1	2	515	516	517	518	1148	236	-1	-1	7	1	-1	0	0	-1	-1	-1	-1	0	0	-1	-1	-1
HunterClassCGS1	30017	1	11733	0	0	0	0	0	0	0	0	0	-1	0	0	1	-1	-1	0	-1	0	-1	42	-1	42	7	-1	1	4	32	2	0	0	0	4	100				-1	-1		0	0	0	0	0		-1	-1	1	323	324	325	326	1148	114	-1	-1	10	0.5	71	0	0	-1	-1	-1	-1	0	0	-1	-1	-1
UseForTheWin	21827	1	11775	0	0	0	0	0	0	0	0	0	-1	0	0	1	-1	-1	0	-1	0	68	42	-1	42	7	-1	1	8	36	1	10	0	0	4	100				-1	-1		0	0	0	0	0		-1	-1	4	519	520	521	522	1148	-1	-1	271	3	1	-1	0	0	-1	-1	-1	-1	0	0	-1	-1	-1
TheLender	22083	1	11781	0	0	0	0	0	0	0	0	0	-1	0	0	1	-1	-1	0	206	1	69	42	-1	18	18	-1	1	9	37	0	15	1	0	4	100				-1	-1		0	0	0	0	0		-1	-1	6	523	524	525	526	1148	-1	-1	-1	1	1	-1	0	0	-1	-1	-1	-1	0	0	-1	-1	-1
StrangeBrew	26945	1	11685	0	0	0	0	0	0	0	0	0	-1	0	0	1	-1	-1	0	-1	0	21	34	-1	34	7	-1	1	3	31	3	6	0	0	4	100				-1	-1		0	0	0	0	0		-1	-1	1	293	294	295	296	1148	274	-1	-1	4	0.75	67	0	0	-1	-1	-1	-1	0	0	-1	-1	-1
LikeAcidsEh	22339	1	11787	0	0	0	0	0	0	0	0	0	-1	0	0	1	-1	-1	0	-1	0	70	34	-1	34	7	-1	1	6	34	1	10	1	0	4	100				-1	-1		0	0	0	0	0		-1	-1	1	527	528	529	530	1148	441	-1	-1	8	0.8	143	0	0	-1	-1	-1	-1	0	0	-1	-1	-1
NoPointInSteering	22595	1	11793	0	0	0	0	0	0	0	0	0	-1	0	0	1	-1	-1	0	193	1	71	34	-1	34	7	-1	1	8	36	3	10	0	0	4	100				-1	-1		0	0	0	0	0		-1	-1	4	531	532	533	534	1148	-1	-1	272	4	1	-1	0	0	-1	-1	-1	-1	0	0	-1	-1	-1
BookstoreSearch	16706	1	11877	0	0	0	0	0	0	0	0	0	-1	0	0	1	-1	-1	0	-1	0	29	43	-1	43	18	-1	1	9	37	0	5	0	0	5	100				-1	-1		0	0	0	0	0		-1	-1	3	563	564	565	566	1148	-1	-1	-1	1	1	-1	1	0	-1	-1	-1	-1	0	0	-1	-1	-1
GPAInfest	16962	1	11883	0	0	0	0	0	0	0	0	0	-1	0	0	1	-1	-1	0	-1	0	30	43	-1	43	18	-1	1	10	38	0	10	0	0	5	100				-1	-1		0	0	0	0	0		-1	-1	2	567	568	569	570	1148	71	-1	-1	4	1	-1	0	0	-1	-1	-1	-1	0	0	-1	-1	-1
AAHunt	17218	1	11889	0	0	0	0	0	0	0	0	0	-1	0	0	1	-1	-1	0	-1	0	31	43	-1	43	18	-1	1	12	40	0	15	1	0	5	100				-1	-1		0	0	0	0	0		-1	-1	0	571	572	573	574	1148	205	-1	-1	1	1	-1	0	0	-1	-1	-1	-1	0	0	-1	-1	-1
WhitehallCollect	17474	1	11895	0	0	0	0	0	0	0	0	0	-1	0	0	1	-1	-1	0	-1	0	32	43	-1	43	18	-1	1	13	41	0	20	0	0	5	100				-1	-1		0	0	0	0	0		-1	-1	1	575	576	577	578	1148	117	-1	-1	6	1	72	0	0	-1	-1	-1	-1	0	0	-1	-1	-1
KillNoName	19778	1	11841	0	0	0	0	0	0	0	0	0	-1	0	0	1	-1	-1	0	-1	0	37	45	-1	45	18	-1	1	14	42	2	10	0	0	5	100				-1	-1		0	0	0	0	0		-1	-1	0	551	552	553	554	1148	573	-1	-1	1	1	-1	0	0	-1	-1	-1	-1	0	0	-1	-1	-1
FindDobster	19266	1	11847	0	0	0	0	0	0	0	0	0	-1	0	0	1	-1	-1	0	-1	0	33	45	-1	45	18	-1	1	8	36	2	10	0	0	5	100				-1	-1		0	0	0	0	0		-1	-1	3	555	556	557	558	1148	-1	-1	-1	1	1	-1	0.8	0	-1	-1	-1	-1	0	0	-1	-1	-1
GigForOldCap	25155	1	11853	0	0	0	0	0	0	0	0	0	-1	0	0	1	-1	-1	0	-1	0	75	45	-1	57	41	-1	1	16	41	2	7.5	1	0	6	100				-1	-1		0	0	0	0	0		-1	-1	6	559	560	561	562	1148	-1	-1	-1	1	1	-1	0	0	-1	-1	-1	-1	0	0	-1	-1	-1
BillBrasky	25411	1	11859	0	0	0	0	0	0	0	0	0	-1	0	0	1	-1	-1	0	-1	0	76	45	-1	45	18	-1	1	16	44	2	10	0	0	5	100				-1	-1		0	0	0	0	0		-1	-1	0	355	356	357	358	1148	295	-1	-1	1	1	-1	0	0	-1	-1	-1	-1	0	0	-1	-1	-1
MessageMen	25667	1	11865	0	0	0	0	0	0	0	0	0	-1	0	0	1	-1	-1	0	-1	0	77	45	-1	45	18	-1	1	16	44	2	20	0	0	5	100				-1	-1		0	0	0	0	0		-1	-1	1	359	360	361	362	1148	2	-1	-1	1	0.1	126	0	0	-1	-1	-1	-1	0	0	-1	-1	-1
CluesForNewCap	25923	1	11871	0	0	0	0	0	0	0	0	0	-1	0	0	1	-1	-1	0	-1	0	78	45	-1	50	41	-1	1	16	41	3	15	1	0	6	100				-1	-1		0	0	0	0	0		-1	-1	1	363	364	365	366	1148	454	-1	-1	1	0.15	127	0	0	-1	-1	-1	-1	0	0	-1	-1	-1
HeyYou	20802	1	11799	0	0	0	0	0	0	0	0	0	-1	0	0	1	-1	-1	0	-1	0	39	44	-1	44	18	-1	1	8	36	2	10	0	0	5	100				-1	-1		0	0	0	0	0		-1	-1	1	535	536	537	538	1148	224	-1	-1	10	0.6	144	0	0	-1	-1	-1	-1	0	0	-1	-1	-1
Dogs	21058	1	11805	0	0	0	0	0	0	0	0	0	-1	0	0	1	-1	-1	0	-1	0	38	44	-1	44	18	-1	1	12	40	2	10	0	0	5	100				-1	-1		0	0	0	0	0		-1	-1	1	539	540	541	542	1148	117	-1	-1	15	1	145	0	0	-1	-1	-1	-1	0	0	-1	-1	-1
UsAndThem	21314	1	11811	0	0	0	0	0	0	0	0	0	-1	0	0	1	-1	-1	0	-1	0	34	44	-1	44	18	-1	1	13	41	2	10	0	0	5	100				-1	-1		0	0	0	0	0		-1	-1	4	543	544	545	546	1148	-1	-1	273	2	1	-1	0	0	-1	-1	-1	-1	0	0	-1	-1	-1
ShineOn	21570	1	11817	0	0	0	0	0	0	0	0	0	-1	0	0	1	-1	-1	0	-1	0	40	44	-1	44	18	-1	1	14	42	2	10	1	0	5	100				-1	-1		0	0	0	0	0		-1	-1	1	547	548	549	550	1148	2	-1	-1	3	0.2	146	0	0	-1	-1	-1	-1	0	0	-1	-1	-1
WantedCC1	21826	1	11662	0	0	0	0	0	0	0	0	0	-1	0	0	1	-1	-1	0	-1	0	-1	39	-1	20	18	-1	1	10	38	5	25	0	0	5	100				-1	-1		0	0	0	0	0		-1	-1	1	320	321	322	-1	1148	290	-1	-1	1	1	73	0	0	-1	-1	-1	-1	0	0	-1	-1	-1
WantedCC2	22082	1	11663	0	0	0	0	0	0	0	0	0	-1	0	0	1	-1	-1	0	-1	0	-1	39	-1	20	18	-1	1	14	42	5	25	0	0	5	100				-1	-1		0	0	0	0	0		-1	-1	1	320	321	322	-1	1148	480	-1	-1	1	1	74	0	0	-1	-1	-1	-1	0	0	-1	-1	-1
TheNarrowWay	22851	1	11823	0	0	0	0	0	0	0	0	0	-1	0	0	1	-1	-1	0	186	1	72	44	-1	23	41	-1	1	15	40	2	4	0	0	6	100				-1	-1		0	0	0	0	0		-1	-1	6	343	344	345	346	1148	-1	-1	-1	1	1	-1	0	0	-1	-1	-1	-1	0	0	-1	-1	-1
EchoesOfTheGold	23107	1	11829	0	0	0	0	0	0	0	0	0	-1	0	0	1	-1	-1	0	-1	0	73	44	-1	44	18	-1	1	15	43	2	20	1	0	5	100				-1	-1		0	0	0	0	0		-1	-1	0	347	348	349	350	1148	640	-1	-1	1	1	-1	0	0	-1	-1	-1	-1	0	0	-1	-1	-1
PuddingProof	24899	1	11835	0	0	0	0	0	0	0	0	0	-1	0	0	1	-1	-1	0	-1	0	74	44	-1	55	41	-1	1	15	40	4	10	0	0	6	100				-1	-1		0	0	0	0	0		-1	-1	1	351	352	353	354	1148	227	-1	-1	8	0.5	125	0	0	-1	-1	-1	-1	0	0	-1	-1	-1
Knockout	20034	1	11901	0	0	0	0	0	0	0	0	0	-1	0	0	1	-1	-1	0	-1	0	55	46	-1	46	28	-1	1	11	39	2	10	0	0	5	100				-1	-1		0	0	0	0	0		-1	-1	2	579	580	581	582	1148	519	132	-1	20	1	-1	0	0	-1	-1	-1	-1	0	0	-1	-1	-1
LightWelterweight	20290	1	11907	0	0	0	0	0	0	0	0	0	-1	0	0	1	-1	-1	0	-1	0	35	46	-1	46	28	-1	1	11	39	2	10	1	0	5	100				-1	-1		0	0	0	0	0		-1	-1	2	583	584	585	586	1148	472	-1	-1	12	1	-1	0	0	-1	-1	-1	-1	0	0	-1	-1	-1
Welterweight	20546	1	11913	0	0	0	0	0	0	0	0	0	-1	0	0	1	-1	-1	0	-1	0	36	46	-1	46	28	-1	1	12	39	2	10	0	0	5	100				-1	-1		0	0	0	0	0		-1	-1	2	587	588	589	590	1148	117	-1	-1	12	1	-1	0	0	-1	-1	-1	-1	0	0	-1	-1	-1
Placement	26179	1	11919	0	0	0	0	0	0	0	0	0	-1	0	0	1	-1	-1	0	-1	0	79	48	-1	48	28	-1	1	11	35	1	0	0	0	7	50				-1	-1		0	0	0	0	0		-1	-1	3	591	592	593	594	1148	-1	-1	-1	1	1	-1	0.75	0	-1	-1	-1	-1	0	0	-1	-1	-1
MonkeysBusiness	26435	1	11925	0	0	0	0	0	0	0	0	0	-1	0	0	1	-1	-1	0	-1	0	80	48	-1	56	58	-1	1	19	43	1	10	1	0	7	50				-1	-1		0	0	0	0	0		-1	-1	6	595	596	597	598	1148	-1	-1	-1	1	1	-1	0	0	-1	-1	-1	-1	0	0	-1	-1	-1
Jaywalker	26691	1	11931	0	0	0	0	0	0	0	0	0	-1	0	0	1	-1	-1	0	-1	0	81	49	-1	49	28	-1	1	11	35	1	0	0	0	7	50				-1	-1		0	0	0	0	0		-1	-1	0	599	600	601	602	1148	62	-1	-1	1	1	-1	0	0	-1	-1	-1	-1	0	0	-1	-1	-1
FineTime	26947	1	11937	0	0	0	0	0	0	0	0	0	-1	0	0	1	-1	-1	0	-1	0	82	49	-1	49	28	-1	1	13	37	1	10	0	0	7	50				-1	-1		0	0	0	0	0		-1	-1	0	603	604	605	606	1148	483	-1	-1	1	1	-1	0	0	-1	-1	-1	-1	0	0	-1	-1	-1
SingSmall	27203	1	11943	0	0	0	0	0	0	0	0	0	-1	0	0	1	-1	-1	0	-1	0	83	47	-1	47	18	-1	1	11	39	1	0	0	0	5	50				-1	-1		0	0	0	0	0		-1	-1	4	607	608	609	610	1148	-1	-1	274	3	1	-1	0	0	-1	-1	-1	-1	0	0	-1	-1	-1
PutOnAClinic	27459	1	11949	0	0	0	0	0	0	0	0	0	-1	0	0	1	-1	-1	0	194	1	84	47	-1	47	18	-1	1	14	42	1	10	1	0	5	50				-1	-1		0	0	0	0	0		-1	-1	7	611	612	613	614	1148	509	-1	-1	1	1	-1	0	0	-1	-1	-1	-1	0	0	-1	-1	-1
WantedTS1	26690	1	11668	0	0	0	0	0	0	0	0	0	-1	0	0	1	-1	-1	0	-1	0	-1	53	-1	22	41	-1	1	15	40	5	25	0	0	6	100				-1	-1		0	0	0	0	0		-1	-1	1	320	321	322	-1	1148	423	-1	-1	1	1	76	0	0	-1	-1	-1	-1	0	0	-1	-1	-1
WantedTS2	30789	1	11669	0	0	0	0	0	0	0	0	0	-1	0	0	1	-1	-1	0	-1	0	-1	53	-1	22	41	-1	1	15	40	5	25	0	0	6	100				-1	-1		0	0	0	0	0		-1	-1	1	320	321	322	-1	1148	245	-1	-1	1	1	166	0	0	-1	-1	-1	-1	0	0	-1	-1	-1
NoLoveLost	27715	1	11955	0	0	0	0	0	0	0	0	0	-1	0	0	1	-1	-1	0	-1	0	85	23	-1	23	41	-1	1	16	41	2	10	0	0	6	100				-1	-1		0	0	0	0	0		-1	-1	1	367	368	369	370	1148	383	-1	-1	6	0.4	128	0	0	-1	-1	-1	-1	0	0	-1	-1	-1
ParaThyroidOfEvil	27971	1	11961	0	0	0	0	0	0	0	0	0	-1	0	0	1	-1	-1	0	-1	0	86	23	-1	23	41	-1	1	17	42	2	5	1	0	6	100				-1	-1		0	0	0	0	0		-1	-1	1	371	372	373	374	1148	179	-1	-1	2	0.25	129	0	0	-1	-1	-1	-1	0	0	-1	-1	-1
Results	28227	1	11967	0	0	0	0	0	0	0	0	0	-1	0	0	1	-1	-1	0	187	1	87	23	-1	61	58	-1	1	19	44	3	10	0	0	6	100				-1	-1		0	0	0	0	0		-1	-1	6	375	376	377	378	1148	-1	-1	-1	1	1	-1	0	0	-1	-1	-1	-1	0	0	-1	-1	-1
PatsyProtector	28483	1	11973	0	0	0	0	0	0	0	0	0	-1	0	0	1	-1	-1	0	-1	0	88	68	-1	68	38	-1	1	15	41	3	5	0	0	6	100				-1	-1		0	0	0	0	0		-1	-1	5	379	380	381	382	1148	-1	-1	-1	1	1	-1	0	0	-1	-1	-1	-1	0	0	-1	-1	-1
MysteriousBibelot	28739	1	11979	0	0	0	0	0	0	0	0	0	-1	0	0	1	-1	-1	0	188	1	89	-1	-1	51	41	122	1	16	42	1	12.5	0	0	6	100				-1	-1		0	0	0	0	0		-1	-1	6	383	384	385	386	1148	-1	-1	-1	1	1	-1	0	0	-1	-1	-1	-1	0	0	-1	-1	-1
WoundedInAction	28995	1	11985	0	0	0	0	0	0	0	0	0	-1	0	0	1	-1	-1	0	-1	0	90	70	-1	70	57	-1	1	19	44	2	10	1	0	6	100				-1	-1		0	0	0	0	0		-1	-1	0	387	388	389	390	1148	314	-1	-1	1	1	-1	0	0	-1	-1	-1	-1	0	0	-1	-1	-1
WalkInThePark	29763	1	12015	0	0	0	0	0	0	0	0	0	-1	0	0	1	-1	-1	0	-1	0	91	69	-1	69	55	-1	1	18	43	2	5	0	0	6	100				-1	-1		0	0	0	0	0		-1	-1	5	391	392	393	394	1148	-1	-1	-1	1	1	-1	0	0	-1	-1	-1	-1	0	0	-1	-1	-1
MagnificentThighs	20291	1	11991	0	0	0	0	0	0	0	0	0	-1	0	0	1	-1	-1	0	-1	0	92	51	-1	51	41	-1	1	16	41	2	10	0	0	6	100				-1	-1		0	0	0	0	0		-1	-1	1	335	336	337	338	1148	83	-1	-1	6	0.2	129	0	0	-1	-1	-1	-1	0	0	-1	-1	-1
TheWorldGun	19267	1	11997	0	0	0	0	0	0	0	0	0	-1	0	0	1	-1	-1	0	-1	0	93	51	-1	51	41	-1	1	16	41	5	25	0	0	6	100				-1	-1		0	0	0	0	0		-1	-1	4	339	340	341	342	1148	-1	-1	269	1	1	-1	0	1	-1	-1	-1	-1	0	0	-1	-1	-1
WonderTimes5000	29251	1	12003	0	0	0	0	0	0	0	0	0	-1	0	0	1	-1	-1	0	-1	0	94	51	-1	51	41	-1	1	17	42	5	25	1	0	6	100				-1	-1		0	0	0	0	0		-1	-1	1	395	396	397	398	1148	484	-1	-1	8	0.35	130	0	0	-1	-1	-1	-1	0	0	-1	-1	-1
DeliveryOfThat	29507	1	12009	0	0	0	0	0	0	0	0	0	-1	0	0	1	-1	-1	0	-1	0	95	51	-1	51	41	-1	1	18	43	5	25	0	0	6	100				-1	-1		0	0	0	0	0		-1	-1	1	399	400	401	402	1148	613	-1	-1	1	1	131	0	0	-1	-1	-1	-1	0	0	-1	-1	-1
ErrandsForFeeble	30019	1	12021	0	0	0	0	0	0	0	0	0	-1	0	0	1	-1	-1	0	-1	0	96	54	-1	54	41	-1	1	16	41	2	10	0	0	6	100				-1	-1		0	0	0	0	0		-1	-1	1	403	404	405	406	1148	552	-1	-1	6	0.2	125	0	0	-1	-1	-1	-1	0	0	-1	-1	-1
DeadPool	30275	1	12027	0	0	0	0	0	0	0	0	0	-1	0	0	1	-1	-1	0	-1	0	97	54	-1	71	56	-1	1	18	43	2	15	0	0	6	100				-1	-1		0	0	0	0	0		-1	-1	6	407	408	409	410	1148	-1	-1	-1	1	1	-1	0	0	-1	-1	-1	-1	0	0	-1	-1	-1
ProperNotice	30533	1	12033	0	0	0	0	0	0	0	0	0	-1	0	0	1	-1	-1	0	189	1	98	-1	-1	54	41	123	1	18	43	1	10	1	0	6	100				-1	-1		0	0	0	0	0		-1	-1	6	411	412	413	414	1148	-1	-1	-1	1	1	-1	0	0	-1	-1	-1	-1	0	0	-1	-1	-1
SmallRedemptions	30531	1	12039	0	0	0	0	0	0	0	0	0	-1	0	0	1	-1	-1	0	-1	0	99	54	-1	54	41	-1	1	19	44	2	15	0	0	6	100				-1	-1		0	0	0	0	0		-1	-1	0	415	416	417	418	1148	340	-1	-1	1	1	-1	0	0	-1	-1	-1	-1	0	0	-1	-1	-1
ProvingGround	30787	1	12045	0	0	0	0	0	0	0	0	0	-1	0	0	1	-1	-1	0	-1	0	100	50	-1	50	41	-1	1	16	41	2	10	0	0	6	100				-1	-1		0	0	0	0	0		-1	-1	0	419	420	421	422	1148	510	-1	-1	1	1	-1	0	0	-1	-1	-1	-1	0	0	-1	-1	-1
TheHellAbove	31043	1	12051	0	0	0	0	0	0	0	0	0	-1	0	0	1	-1	-1	0	-1	0	101	50	-1	50	41	-1	1	16	41	2	10	0	0	6	100				-1	-1		0	0	0	0	0		-1	-1	2	423	424	425	426	1148	443	-1	-1	20	1	-1	0	0	-1	-1	-1	-1	0	0	-1	-1	-1
HeartFelt	31299	1	12057	0	0	0	0	0	0	0	0	0	-1	0	0	1	-1	-1	0	-1	0	102	50	-1	50	41	-1	1	17	42	2	10	1	0	6	100				-1	-1		0	0	0	0	0		-1	-1	1	427	428	429	430	1148	182	-1	-1	1	1	133	0	0	-1	-1	-1	-1	0	0	-1	-1	-1
Transfusion	16708	1	12063	0	0	0	0	0	0	0	0	0	-1	0	0	1	-1	-1	0	191	1	103	50	-1	50	41	-1	1	18	43	4	20	0	0	6	100				-1	-1		0	0	0	0	0		-1	-1	1	431	432	433	434	1148	552	-1	-1	5	0.4	132	0	0	-1	-1	-1	-1	0	0	-1	-1	-1
AnteUp	16964	1	12069	0	0	0	0	0	0	0	0	0	-1	0	0	1	-1	-1	0	-1	0	104	55	-1	55	41	-1	1	16	41	2	10	0	0	6	100				-1	-1		0	0	0	0	0		-1	-1	2	435	436	437	438	1148	227	-1	-1	10	1	-1	0	0	-1	-1	-1	-1	0	0	-1	-1	-1
DoubleOrNothing	17220	1	12075	0	0	0	0	0	0	0	0	0	-1	0	0	1	-1	-1	0	-1	0	105	55	-1	55	41	-1	1	17	42	2	20	0	0	6	100				-1	-1		0	0	0	0	0		-1	-1	3	439	440	441	442	1148	-1	-1	-1	1	1	-1	1	0	-1	-1	-1	-1	0	0	-1	-1	-1
EvenSteven	17476	1	12081	0	0	0	0	0	0	0	0	0	-1	0	0	1	-1	-1	0	-1	0	106	55	-1	55	41	-1	1	17	42	2	10	1	0	6	100				-1	-1		0	0	0	0	0		-1	-1	0	443	444	445	446	1148	207	-1	-1	1	1	-1	0	0	-1	-1	-1	-1	0	0	-1	-1	-1
SayByeToBookie	17732	1	12087	0	0	0	0	0	0	0	0	0	-1	0	0	1	-1	-1	0	190	1	107	55	-1	56	58	-1	1	19	43	3	15	0	0	8	100				-1	-1		0	0	0	0	0		-1	-1	6	447	448	449	450	1148	-1	-1	-1	1	1	-1	0	0	-1	-1	-1	-1	0	0	-1	-1	-1
EnlistedMenWork	17988	1	12093	0	0	0	0	0	0	0	0	0	-1	0	0	1	-1	-1	0	-1	0	108	57	-1	57	41	-1	1	16	41	2	10	0	0	6	100				-1	-1		0	0	0	0	0		-1	-1	2	451	452	453	454	1148	519	132	-1	18	1	-1	0	0	-1	-1	-1	-1	0	0	-1	-1	-1
OneBigPull	18244	1	12099	0	0	0	0	0	0	0	0	0	-1	0	0	1	-1	-1	0	-1	0	109	57	-1	57	41	-1	1	18	43	4	20	1	0	6	100				-1	-1		0	0	0	0	0		-1	-1	0	455	456	457	458	1148	617	-1	-1	1	1	-1	0	0	-1	-1	-1	-1	0	0	-1	-1	-1
OnlyHuman	21828	1	12183	0	0	0	0	0	0	0	0	0	-1	0	0	1	-1	-1	0	-1	0	123	56	-1	56	58	-1	1	20	44	1	0	0	0	8	100				-1	-1		0	0	0	0	0		-1	-1	0	667	668	669	670	1148	158	-1	-1	1	1	-1	0	0	-1	-1	-1	-1	0	0	-1	-1	-1
DateEscape	22084	1	12189	0	0	0	0	0	0	0	0	0	-1	0	0	1	-1	-1	0	-1	0	124	56	-1	56	58	-1	1	20	44	1	5	0	0	8	100				-1	-1		0	0	0	0	0		-1	-1	2	671	672	673	674	1148	83	-1	-1	9	1	-1	0	0	-1	-1	-1	-1	0	0	-1	-1	-1
MadLove	22340	1	12195	0	0	0	0	0	0	0	0	0	-1	0	0	1	-1	-1	0	-1	0	125	56	-1	56	58	-1	1	22	46	1	5	0	0	8	100				-1	-1		0	0	0	0	0		-1	-1	1	675	676	677	678	1148	120	-1	-1	4	0.3	147	0	0	-1	-1	-1	-1	0	0	-1	-1	-1
ThreesACompany	22596	1	12201	0	0	0	0	0	0	0	0	0	-1	0	0	1	-1	-1	0	-1	0	126	56	-1	56	58	-1	1	23	47	2	5	0	0	8	100				-1	-1		0	0	0	0	0		-1	-1	4	679	680	681	682	1148	-1	-1	276	4	1	-1	0	0	-1	-1	-1	-1	0	0	-1	-1	-1
SafetysOn	22852	1	12207	0	0	0	0	0	0	0	0	0	-1	0	0	1	-1	-1	0	-1	0	127	56	-1	56	58	-1	1	23	47	2	5	1	0	8	100				-1	-1		0	0	0	0	0		-1	-1	2	683	684	685	686	1148	368	-1	-1	3	1	-1	0	0	-1	-1	-1	-1	0	0	-1	-1	-1
ColdFeet	23108	1	12213	0	0	0	0	0	0	0	0	0	-1	0	0	1	-1	-1	0	-1	0	128	56	-1	56	58	-1	1	24	48	2	10	0	0	8	100				-1	-1		0	0	0	0	0		-1	-1	0	687	688	689	690	1148	456	-1	-1	1	1	-1	0	0	-1	-1	-1	-1	0	0	-1	-1	-1
ShesNotCutYet	24900	1	12219	0	0	0	0	0	0	0	0	0	-1	0	0	1	-1	-1	0	-1	0	129	56	-1	56	58	-1	1	24	48	2	10	0	0	8	100				-1	-1		0	0	0	0	0		-1	-1	0	691	692	693	694	1148	87	-1	-1	1	1	-1	0	0	-1	-1	-1	-1	0	0	-1	-1	-1
TheDealSeal	25156	1	12225	0	0	0	0	0	0	0	0	0	-1	0	0	1	-1	-1	0	-1	0	130	56	-1	56	58	-1	1	25	49	3	10	1	0	8	100				-1	-1		0	0	0	0	0		-1	-1	0	695	696	697	698	1148	166	-1	-1	1	1	-1	0	0	-1	-1	-1	-1	0	0	-1	-1	-1
Payroll	25412	1	12231	0	0	0	0	0	0	0	0	0	-1	0	0	1	-1	-1	0	-1	0	131	56	-1	56	58	-1	1	26	50	3	15	0	0	8	100				-1	-1		0	0	0	0	0		-1	-1	1	699	700	701	702	1148	445	-1	-1	2	0.1	148	0	0	-1	-1	-1	-1	0	0	-1	-1	-1
SeeingForSuckers	25668	1	12237	0	0	0	0	0	0	0	0	0	-1	0	0	1	-1	-1	0	-1	0	132	61	-1	61	58	-1	1	19	43	1	0	0	0	8	100				-1	-1		0	0	0	0	0		-1	-1	3	703	704	705	706	1148	-1	-1	-1	1	1	-1	0.9	0	-1	-1	-1	-1	0	0	-1	-1	-1
FetchBoy	25924	1	12243	0	0	0	0	0	0	0	0	0	-1	0	0	1	-1	-1	0	-1	0	133	61	-1	61	58	-1	1	23	47	1	5	0	0	8	100				-1	-1		0	0	0	0	0		-1	-1	1	707	708	709	710	1148	251	-1	-1	7	0.6	149	0	0	-1	-1	-1	-1	0	0	-1	-1	-1
BabySteps	26180	1	12249	0	0	0	0	0	0	0	0	0	-1	0	0	1	-1	-1	0	-1	0	134	61	-1	61	58	-1	1	23	47	1	5	0	0	8	100				-1	-1		0	0	0	0	0		-1	-1	4	711	712	713	714	1148	-1	-1	277	3	1	-1	0	0	-1	-1	-1	-1	0	0	-1	-1	-1
TakeItEasyShoot	26436	1	12255	0	0	0	0	0	0	0	0	0	-1	0	0	1	-1	-1	0	-1	0	135	61	-1	61	58	-1	1	24	48	2	5	0	0	8	100				-1	-1		0	0	0	0	0		-1	-1	2	715	716	717	718	1148	552	-1	-1	14	1	-1	0	0	-1	-1	-1	-1	0	0	-1	-1	-1
DemonsOfNotoriety	26692	1	12261	0	0	0	0	0	0	0	0	0	-1	0	0	1	-1	-1	0	-1	0	136	61	-1	61	58	-1	1	25	49	2	5	1	0	8	100				-1	-1		0	0	0	0	0		-1	-1	0	719	720	721	722	1148	609	-1	-1	1	1	-1	0	0	-1	-1	-1	-1	0	0	-1	-1	-1
DrawAPicture	26948	1	12267	0	0	0	0	0	0	0	0	0	-1	0	0	1	-1	-1	0	-1	0	137	61	-1	61	58	-1	1	25	49	2	10	0	0	8	100				-1	-1		0	0	0	0	0		-1	-1	3	723	724	725	726	1148	-1	-1	-1	1	1	-1	0.75	0	-1	-1	-1	-1	0	0	-1	-1	-1
InOneSitting	27204	1	12273	0	0	0	0	0	0	0	0	0	-1	0	0	1	-1	-1	0	-1	0	138	61	-1	61	58	-1	1	26	50	2	10	0	0	8	100				-1	-1		0	0	0	0	0		-1	-1	1	727	728	729	730	1148	296	-1	-1	12	0.9	150	0	0	-1	-1	-1	-1	0	0	-1	-1	-1
OnAndOff	27460	1	12279	0	0	0	0	0	0	0	0	0	-1	0	0	1	-1	-1	0	-1	0	139	61	-1	61	58	-1	1	27	51	3	10	1	0	8	100				-1	-1		0	0	0	0	0		-1	-1	4	731	732	733	734	1148	-1	-1	278	2	1	-1	0	0	-1	-1	-1	-1	0	0	-1	-1	-1
ThatIncludesBlasphemy	27716	1	12285	0	0	0	0	0	0	0	0	0	-1	0	0	1	-1	-1	0	-1	0	140	61	-1	62	87	-1	1	27	51	3	15	0	0	8	100				-1	-1		0	0	0	0	0		-1	-1	6	735	736	737	738	1148	-1	-1	-1	1	1	-1	0	0	-1	-1	-1	-1	0	0	-1	-1	-1
DimensionsOfHell	27972	1	12291	0	0	0	0	0	0	0	0	0	-1	0	0	1	-1	-1	0	-1	0	141	59	-1	59	58	-1	1	20	44	1	0	0	0	8	100				-1	-1		0	0	0	0	0		-1	-1	3	739	740	741	742	1148	-1	-1	-1	1	1	-1	0.65	0	-1	-1	-1	-1	0	0	-1	-1	-1
OverTheRiverAnd	28228	1	12297	0	0	0	0	0	0	0	0	0	-1	0	0	1	-1	-1	0	-1	0	142	59	-1	59	58	-1	1	20	44	1	5	0	0	8	100				-1	-1		0	0	0	0	0		-1	-1	3	743	744	745	746	1148	-1	-1	-1	1	1	-1	0.85	0	-1	-1	-1	-1	0	0	-1	-1	-1
ILikeYourOutfit	28484	1	12303	0	0	0	0	0	0	0	0	0	-1	0	0	1	-1	-1	0	195	1	143	59	-1	59	58	-1	1	23	47	1	5	0	0	8	100				-1	-1		0	0	0	0	0		-1	-1	7	747	748	749	750	1148	322	-1	-1	1	1	-1	0	0	-1	-1	-1	-1	0	0	-1	-1	-1
TheBodyWarms	28740	1	12309	0	0	0	0	0	0	0	0	0	-1	0	0	1	-1	-1	0	196	1	144	59	-1	59	58	-1	1	23	47	2	5	0	0	8	100				-1	-1		0	0	0	0	0		-1	-1	7	751	752	753	754	1148	45	-1	-1	1	1	-1	0	0	-1	-1	-1	-1	0	0	-1	-1	-1
WhoaCranky	28996	1	12315	0	0	0	0	0	0	0	0	0	-1	0	0	1	-1	-1	0	-1	0	145	59	-1	59	58	-1	1	24	48	2	5	1	0	8	100				-1	-1		0	0	0	0	0		-1	-1	0	755	756	757	758	1148	388	-1	-1	1	1	-1	0	0	-1	-1	-1	-1	0	0	-1	-1	-1
DaddysDead	29252	1	12321	0	0	0	0	0	0	0	0	0	-1	0	0	1	-1	-1	0	-1	0	146	59	-1	59	58	-1	1	25	49	2	10	0	0	8	100				-1	-1		0	0	0	0	0		-1	-1	0	759	760	761	762	1148	447	-1	-1	1	1	-1	0	0	-1	-1	-1	-1	0	0	-1	-1	-1
DestroyerOfThem	29508	1	12327	0	0	0	0	0	0	0	0	0	-1	0	0	1	-1	-1	0	-1	0	147	59	-1	59	58	-1	1	25	49	2	10	0	0	8	100				-1	-1		0	0	0	0	0		-1	-1	2	763	764	765	766	1148	282	-1	-1	14	1	-1	0	0	-1	-1	-1	-1	0	0	-1	-1	-1
BroodGoBye	29764	1	12333	0	0	0	0	0	0	0	0	0	-1	0	0	1	-1	-1	0	-1	0	148	59	-1	59	58	-1	1	26	50	3	10	1	0	8	100				-1	-1		0	0	0	0	0		-1	-1	2	767	768	769	770	1148	120	-1	-1	17	1	-1	0	0	-1	-1	-1	-1	0	0	-1	-1	-1
ScotchFrustration	30020	1	12339	0	0	0	0	0	0	0	0	0	-1	0	0	1	-1	-1	0	204	1	149	59	-1	63	87	-1	1	26	50	3	15	0	0	8	100				-1	-1		0	0	0	0	0		-1	-1	6	771	772	773	774	1148	-1	-1	-1	1	1	-1	0	0	-1	-1	-1	-1	0	0	-1	-1	-1
OperateTomorrow	18500	1	12105	0	0	0	0	0	0	0	0	0	-1	0	0	1	-1	-1	0	197	1	110	17	-1	17	42	-1	1	21	45	2	5	0	0	7	50				-1	-1		0	0	0	0	0		-1	-1	7	615	616	617	618	1148	397	-1	-1	1	1	-1	0	0	-1	-1	-1	-1	0	0	-1	-1	-1
Efficacy	18756	1	12111	0	0	0	0	0	0	0	0	0	-1	0	0	1	-1	-1	0	-1	0	111	17	-1	17	42	-1	1	22	46	2	10	0	0	7	50				-1	-1		0	0	0	0	0		-1	-1	4	619	620	621	622	1148	-1	-1	275	3	1	-1	0	0	-1	-1	-1	-1	0	0	-1	-1	-1
FaithandFury	19012	1	12117	0	0	0	0	0	0	0	0	0	-1	0	0	1	-1	-1	0	-1	0	112	17	-1	17	42	-1	1	22	46	2	10	1	0	7	50				-1	-1		0	0	0	0	0		-1	-1	2	623	624	625	626	1148	229	-1	-1	12	1	-1	0	0	-1	-1	-1	-1	0	0	-1	-1	-1
ComeWhatMay	19268	1	12123	0	0	0	0	0	0	0	0	0	-1	0	0	1	-1	-1	0	-1	0	113	17	-1	17	42	-1	1	22	46	3	10	0	0	7	50				-1	-1		0	0	0	0	0		-1	-1	0	627	628	629	630	1148	409	-1	-1	1	1	-1	0	0	-1	-1	-1	-1	0	0	-1	-1	-1
Give110	19524	1	12129	0	0	0	0	0	0	0	0	0	-1	0	0	1	-1	-1	0	-1	0	114	58	-1	58	42	-1	1	21	45	2	5	0	0	7	50				-1	-1		0	0	0	0	0		-1	-1	2	631	632	633	634	1148	506	-1	-1	4	1	-1	0	0	-1	-1	-1	-1	0	0	-1	-1	-1
OmniaOmnibus	19780	1	12135	0	0	0	0	0	0	0	0	0	-1	0	0	1	-1	-1	0	-1	0	115	58	-1	58	42	-1	1	21	45	2	10	0	0	7	50				-1	-1		0	0	0	0	0		-1	-1	2	635	636	637	638	1148	552	-1	-1	9	1	-1	0	0	-1	-1	-1	-1	0	0	-1	-1	-1
ThereAllHonorLies	20036	1	12141	0	0	0	0	0	0	0	0	0	-1	0	0	1	-1	-1	0	-1	0	116	58	-1	58	42	-1	1	22	46	2	10	1	0	7	50				-1	-1		0	0	0	0	0		-1	-1	3	639	640	641	642	1148	-1	-1	-1	1	1	-1	0.75	0	-1	-1	-1	-1	0	0	-1	-1	-1
FidelisAdMortem	20292	1	12147	0	0	0	0	0	0	0	0	0	-1	0	0	1	-1	-1	0	205	1	117	58	-1	59	58	-1	1	22	46	3	10	0	0	7	50				-1	-1		0	0	0	0	0		-1	-1	6	643	644	645	646	1148	-1	-1	-1	1	1	-1	0	0	-1	-1	-1	-1	0	0	-1	-1	-1
GoldDigger	20548	1	12153	0	0	0	0	0	0	0	0	0	-1	0	0	1	-1	-1	0	-1	0	118	60	-1	60	42	-1	1	21	45	2	5	0	0	7	50				-1	-1		0	0	0	0	0		-1	-1	1	647	648	649	650	1148	519	132	-1	6	0.4	151	0	0	-1	-1	-1	-1	0	0	-1	-1	-1
FightNight	20804	1	12159	0	0	0	0	0	0	0	0	0	-1	0	0	1	-1	-1	0	-1	0	119	60	-1	60	42	-1	1	21	45	2	10	0	0	7	50				-1	-1		0	0	0	0	0		-1	-1	0	651	652	653	654	1148	363	-1	-1	1	1	-1	0	0	-1	-1	-1	-1	0	0	-1	-1	-1
TheBoneHunters	21060	1	12165	0	0	0	0	0	0	0	0	0	-1	0	0	1	-1	-1	0	-1	0	120	60	-1	60	42	-1	1	23	47	2	10	1	0	7	50				-1	-1		0	0	0	0	0		-1	-1	1	655	656	657	658	1148	229	-1	-1	15	1	152	0	0	-1	-1	-1	-1	0	0	-1	-1	-1
KillEmRotten	21316	1	12171	0	0	0	0	0	0	0	0	0	-1	0	0	1	-1	-1	0	-1	0	121	60	-1	60	42	-1	1	24	48	3	10	0	0	7	50				-1	-1		0	0	0	0	0		-1	-1	0	659	660	661	662	1148	511	-1	-1	1	1	-1	0	0	-1	-1	-1	-1	0	0	-1	-1	-1
Aleriths	21572	1	12177	0	0	0	0	0	0	0	0	0	-1	0	0	1	-1	-1	0	-1	0	122	52	-1	52	42	-1	1	23	47	4	20	1	0	7	50				-1	-1		0	0	0	0	0		-1	-1	0	663	664	665	666	1148	47	-1	-1	1	1	-1	0	0	-1	-1	-1	-1	0	0	-1	-1	-1
Deinde	27973	1	12597	0	0	0	0	0	0	0	0	0	-1	0	0	1	-1	-1	0	-1	0	192	67	-1	67	85	-1	1	26	50	5	25	0	0	7	50				-1	-1		0	0	0	0	0		-1	-1	1	459	460	461	462	1148	361	-1	-1	10	0.35	153	0	0	-1	-1	-1	-1	0	0	-1	-1	-1
Porro	28229	1	12603	0	0	0	0	0	0	0	0	0	-1	0	0	1	-1	-1	0	-1	0	193	67	-1	67	85	-1	1	26	50	5	25	0	0	7	50				-1	-1		0	0	0	0	0		-1	-1	0	463	464	465	466	1148	119	-1	-1	1	1	-1	0	0	-1	-1	-1	-1	0	0	-1	-1	-1
Servo	28485	1	12609	0	0	0	0	0	0	0	0	0	-1	0	0	1	-1	-1	0	-1	0	194	67	-1	67	85	-1	1	26	50	5	25	0	0	7	50				-1	-1		0	0	0	0	0		-1	-1	2	467	468	469	470	1148	472	-1	-1	15	1	-1	0	0	-1	-1	-1	-1	0	0	-1	-1	-1
Proximus	28741	1	12615	0	0	0	0	0	0	0	0	0	-1	0	0	1	-1	-1	0	-1	0	195	67	-1	67	85	-1	1	26	50	5	25	0	0	7	50				-1	-1		0	0	0	0	0		-1	-1	3	471	472	473	474	1148	-1	-1	-1	1	1	-1	0.8	0	-1	-1	-1	-1	0	0	-1	-1	-1
Succresco	28997	1	12621	0	0	0	0	0	0	0	0	0	-1	0	0	1	-1	-1	0	-1	0	196	67	-1	67	85	-1	1	26	50	5	25	1	0	7	50				-1	-1		0	0	0	0	0		-1	-1	1	475	476	477	478	1148	120	-1	-1	10	0.4	134	0	0	-1	-1	-1	-1	0	0	-1	-1	-1
Secundum	29253	1	12627	0	0	0	0	0	0	0	0	0	-1	0	0	1	-1	-1	0	-1	0	197	67	-1	67	85	-1	1	26	50	5	25	0	0	7	50				-1	-1		0	0	0	0	0		-1	-1	2	479	480	481	482	1148	454	-1	-1	11	1	-1	0	0	-1	-1	-1	-1	0	0	-1	-1	-1
Evinco	29509	1	12633	0	0	0	0	0	0	0	0	0	-1	0	0	1	-1	-1	0	-1	0	198	67	-1	67	85	-1	1	26	50	5	25	1	0	7	50				-1	-1		0	0	0	0	0		-1	-1	1	483	484	485	486	1148	386	-1	-1	8	0.5	135	0	0	-1	-1	-1	-1	0	0	-1	-1	-1
Quisquiliarum	29765	1	12639	0	0	0	0	0	0	0	0	0	-1	0	0	1	-1	-1	0	-1	0	199	67	-1	67	85	-1	1	26	50	5	25	0	0	7	50				-1	-1		0	0	0	0	0		-1	-1	0	487	488	489	490	1148	284	-1	-1	1	1	-1	0	0	-1	-1	-1	-1	0	0	-1	-1	-1
Invicem	30021	1	12645	0	0	0	0	0	0	0	0	0	-1	0	0	1	-1	-1	0	-1	0	200	67	-1	67	85	-1	1	26	50	5	25	1	0	7	50				-1	-1		0	0	0	0	0		-1	-1	2	491	492	493	494	1148	486	-1	-1	18	1	-1	0	0	-1	-1	-1	-1	0	0	-1	-1	-1
Exinde	30277	1	12651	0	0	0	0	0	0	0	0	0	-1	0	0	1	-1	-1	0	-1	0	201	67	-1	67	85	-1	1	30	54	5	25	0	0	7	50				-1	-1		0	0	0	0	0		-1	-1	1	495	496	497	498	1148	519	132	-1	8	0.2	136	0	0	-1	-1	-1	-1	0	0	-1	-1	-1
Fruitless	30276	1	12345	0	0	0	0	0	0	0	0	0	-1	0	0	1	-1	-1	0	-1	0	150	64	-1	64	87	-1	1	26	50	1	5	0	0	9	100				-1	-1		0	0	0	0	0		-1	-1	4	775	776	777	778	1148	-1	-1	279	4	1	-1	0	0	-1	-1	-1	-1	0	0	-1	-1	-1
DubiousDoctoring	30532	1	12351	0	0	0	0	0	0	0	0	0	-1	0	0	1	-1	-1	0	-1	0	151	64	-1	64	87	-1	1	26	50	2	5	0	0	9	100				-1	-1		0	0	0	0	0		-1	-1	1	779	780	781	782	1148	282	-1	-1	8	0.65	154	0	0	-1	-1	-1	-1	0	0	-1	-1	-1
Crybaby	30788	1	12357	0	0	0	0	0	0	0	0	0	-1	0	0	1	-1	-1	0	-1	0	152	64	-1	64	87	-1	1	27	51	2	10	0	0	9	100				-1	-1		0	0	0	0	0		-1	-1	1	783	784	785	786	1148	89	-1	-1	4	0.2	155	0	0	-1	-1	-1	-1	0	0	-1	-1	-1
SulkShirk	31044	1	12363	0	0	0	0	0	0	0	0	0	-1	0	0	1	-1	-1	0	-1	0	153	64	-1	64	87	-1	1	27	51	3	10	1	0	9	100				-1	-1		0	0	0	0	0		-1	-1	4	787	788	789	790	1148	-1	-1	280	3	1	-1	0	0	-1	-1	-1	-1	0	0	-1	-1	-1
SnootyWitch	31300	1	12369	0	0	0	0	0	0	0	0	0	-1	0	0	1	-1	-1	0	-1	0	154	64	-1	64	87	-1	1	27	51	3	15	0	0	9	100				-1	-1		0	0	0	0	0		-1	-1	0	791	792	793	794	1148	534	-1	-1	1	1	-1	0	0	-1	-1	-1	-1	0	0	-1	-1	-1
LateHarvest	16709	1	12375	0	0	0	0	0	0	0	0	0	-1	0	0	1	-1	-1	0	-1	0	155	64	-1	64	87	-1	1	29	53	4	15	1	0	9	100				-1	-1		0	0	0	0	0		-1	-1	1	795	796	797	798	1148	395	-1	-1	2	0.1	156	0	0	-1	-1	-1	-1	0	0	-1	-1	-1
TargetPractice	17221	1	12381	0	0	0	0	0	0	0	0	0	-1	0	0	1	-1	-1	0	-1	1	156	63	-1	63	87	-1	1	26	50	1	5	0	0	9	100				-1	-1		0	0	0	0	0		-1	-1	0	799	800	801	802	1148	188	-1	-1	1	1	-1	0	0	-1	-1	-1	-1	0	0	-1	-1	-1
HaveGunWillWin	17477	1	12387	0	0	0	0	0	0	0	0	0	-1	0	0	1	-1	-1	0	-1	0	157	63	-1	63	87	-1	1	26	50	2	5	0	0	9	100				-1	-1		0	0	0	0	0		-1	-1	0	803	804	805	806	1148	9	-1	-1	1	1	-1	0	0	-1	-1	-1	-1	0	0	-1	-1	-1
SurpriseYoureShot	17733	1	12393	0	0	0	0	0	0	0	0	0	-1	0	0	1	-1	-1	0	-1	0	158	63	-1	63	87	-1	1	27	51	2	10	0	0	9	100				-1	-1		0	0	0	0	0		-1	-1	0	807	808	809	810	1148	429	-1	-1	1	1	-1	0	0	-1	-1	-1	-1	0	0	-1	-1	-1
SoulSlayer	17989	1	12399	0	0	0	0	0	0	0	0	0	-1	0	0	1	-1	-1	0	-1	0	159	63	-1	63	87	-1	1	27	51	3	10	0	0	9	100				-1	-1		0	0	0	0	0		-1	-1	0	811	812	813	814	1148	255	-1	-1	1	1	-1	0	0	-1	-1	-1	-1	0	0	-1	-1	-1
OneYouManyBirds	18245	1	12405	0	0	0	0	0	0	0	0	0	-1	0	0	1	-1	-1	0	-1	0	160	63	-1	63	87	-1	1	27	51	3	15	1	0	9	100				-1	-1		0	0	0	0	0		-1	-1	2	815	816	817	818	1148	459	-1	-1	12	1	-1	0	0	-1	-1	-1	-1	0	0	-1	-1	-1
AidingAndAbetting	18501	1	12411	0	0	0	0	0	0	0	0	0	-1	0	0	1	-1	-1	0	198	1	161	63	-1	18	102	-1	1	28	52	4	15	0	0	9	100				-1	-1		0	0	0	0	0		-1	-1	6	819	820	821	822	1148	-1	-1	-1	1	1	-1	0	0	-1	-1	-1	-1	0	0	-1	-1	-1
PassingPresence	18757	1	12417	0	0	0	0	0	0	0	0	0	-1	0	0	1	-1	-1	0	-1	0	162	62	-1	62	87	-1	1	26	50	1	5	0	0	9	100				-1	-1		0	0	0	0	0		-1	-1	3	823	824	825	826	1148	-1	-1	-1	1	1	-1	0.75	0	-1	-1	-1	-1	0	0	-1	-1	-1
HistoryLessons	19013	1	12423	0	0	0	0	0	0	0	0	0	-1	0	0	1	-1	-1	0	-1	0	163	62	-1	62	87	-1	1	26	50	2	5	0	0	9	100				-1	-1		0	0	0	0	0		-1	-1	3	827	828	829	830	1148	-1	-1	-1	1	1	-1	0.9	0	-1	-1	-1	-1	0	0	-1	-1	-1
PriorityParts	19269	1	12429	0	0	0	0	0	0	0	0	0	-1	0	0	1	-1	-1	0	-1	0	164	62	-1	62	87	-1	1	27	51	2	10	0	0	9	100				-1	-1		0	0	0	0	0		-1	-1	1	831	832	833	834	1148	49	-1	-1	6	0.75	157	0	0	-1	-1	-1	-1	0	0	-1	-1	-1
OldPath	19525	1	12435	0	0	0	0	0	0	0	0	0	-1	0	0	1	-1	-1	0	-1	0	165	62	-1	62	87	-1	1	27	51	3	10	1	0	9	100				-1	-1		0	0	0	0	0		-1	-1	4	835	836	837	838	1148	-1	-1	281	5	1	-1	0	0	-1	-1	-1	-1	0	0	-1	-1	-1
DayIDied	19781	1	12441	0	0	0	0	0	0	0	0	0	-1	0	0	1	-1	-1	0	199	1	166	62	-1	62	87	-1	1	27	51	3	15	0	0	9	100				-1	-1		0	0	0	0	0		-1	-1	7	839	840	841	842	1148	-1	-1	282	1	1	-1	0	0	-1	-1	-1	-1	0	0	-1	-1	-1
Remembrance	20037	1	12447	0	0	0	0	0	0	0	0	0	-1	0	0	1	-1	-1	0	-1	0	167	62	-1	62	87	-1	1	29	53	4	15	1	0	9	100				-1	-1		0	0	0	0	0		-1	-1	0	843	844	845	846	1148	301	-1	-1	1	1	-1	0	0	-1	-1	-1	-1	0	0	-1	-1	-1
AnothersWork	20293	1	12453	0	0	0	0	0	0	0	0	0	-1	0	0	1	-1	-1	0	-1	0	168	65	-1	65	87	-1	1	26	50	1	5	0	0	9	100				-1	-1		0	0	0	0	0		-1	-1	2	847	848	849	850	1148	89	-1	-1	9	1	-1	0	0	-1	-1	-1	-1	0	0	-1	-1	-1
Sweeper	20549	1	12459	0	0	0	0	0	0	0	0	0	-1	0	0	1	-1	-1	0	-1	0	169	65	-1	65	87	-1	1	26	50	2	5	0	0	9	100				-1	-1		0	0	0	0	0		-1	-1	2	851	852	853	854	1148	320	-1	-1	5	1	-1	0	0	-1	-1	-1	-1	0	0	-1	-1	-1
RelevantRelics	20805	1	12465	0	0	0	0	0	0	0	0	0	-1	0	0	1	-1	-1	0	200	1	170	65	-1	65	87	-1	1	27	51	2	10	1	0	9	100				-1	-1		0	0	0	0	0		-1	-1	7	855	856	857	858	1148	-1	-1	283	1	1	-1	0	0	-1	-1	-1	-1	0	0	-1	-1	-1
DeathToOrder	21061	1	12471	0	0	0	0	0	0	0	0	0	-1	0	0	1	-1	-1	0	-1	0	171	65	-1	65	87	-1	1	27	51	3	10	0	0	9	100				-1	-1		0	0	0	0	0		-1	-1	0	859	860	861	862	1148	650	-1	-1	1	1	-1	0	0	-1	-1	-1	-1	0	0	-1	-1	-1
Regicide	21317	1	12477	0	0	0	0	0	0	0	0	0	-1	0	0	1	-1	-1	0	-1	0	172	65	-1	65	87	-1	1	28	52	3	15	1	0	9	100				-1	-1		0	0	0	0	0		-1	-1	0	863	864	865	866	1148	336	-1	-1	1	1	-1	0	0	-1	-1	-1	-1	0	0	-1	-1	-1
TheOld Game	21573	1	12483	0	0	0	0	0	0	0	0	0	-1	0	0	1	-1	-1	0	199	0	173	65	-1	22	102	-1	1	28	52	4	15	0	0	9	100				-1	-1		0	0	0	0	0		-1	-1	6	867	868	869	870	1148	-1	-1	-1	1	1	-1	0	0	-1	-1	-1	-1	0	0	-1	-1	-1
MadKillSomething	21829	1	12489	0	0	0	0	0	0	0	0	0	-1	0	0	1	-1	-1	0	-1	0	174	22	-1	22	102	-1	1	28	53	1	5	0	0	7	50				-1	-1		0	0	0	0	0		-1	-1	0	871	872	873	874	1148	590	-1	-1	1	1	-1	0	0	-1	-1	-1	-1	0	0	-1	-1	-1
CuteNameWhereFrom	22085	1	12495	0	0	0	0	0	0	0	0	0	-1	0	0	1	-1	-1	0	-1	0	175	22	-1	22	102	-1	1	28	53	2	5	0	0	7	50				-1	-1		0	0	0	0	0		-1	-1	0	875	876	877	878	1148	53	-1	-1	1	1	-1	0	0	-1	-1	-1	-1	0	0	-1	-1	-1
ForKingandCountry	22341	1	12501	0	0	0	0	0	0	0	0	0	-1	0	0	1	-1	-1	0	-1	0	176	22	-1	22	102	-1	1	29	53	2	10	1	0	7	50				-1	-1		0	0	0	0	0		-1	-1	0	879	880	881	882	1148	324	-1	-1	1	1	-1	0	0	-1	-1	-1	-1	0	0	-1	-1	-1
NiceParty	22597	1	12507	0	0	0	0	0	0	0	0	0	-1	0	0	1	-1	-1	0	-1	0	177	22	-1	22	102	-1	1	29	53	3	10	0	0	7	50				-1	-1		0	0	0	0	0		-1	-1	2	883	884	885	886	1148	334	-1	-1	14	1	-1	0	0	-1	-1	-1	-1	0	0	-1	-1	-1
Overkill	22853	1	12513	0	0	0	0	0	0	0	0	0	-1	0	0	1	-1	-1	0	-1	0	178	22	-1	22	102	-1	1	29	53	3	15	1	0	7	50				-1	-1		0	0	0	0	0		-1	-1	2	887	888	889	890	1148	49	-1	-1	6	1	-1	0	0	-1	-1	-1	-1	0	0	-1	-1	-1
WakingNightmarePills	23109	1	12519	0	0	0	0	0	0	0	0	0	-1	0	0	1	-1	-1	0	-1	0	179	18	-1	18	102	-1	1	28	53	1	5	0	0	7	50				-1	-1		0	0	0	0	0		-1	-1	1	891	892	893	894	1148	519	132	-1	20	1	158	0	0	-1	-1	-1	-1	0	0	-1	-1	-1
MeansToAnEnd	24901	1	12525	0	0	0	0	0	0	0	0	0	-1	0	0	1	-1	-1	0	-1	0	180	18	-1	18	102	-1	1	28	53	2	5	0	0	7	50				-1	-1		0	0	0	0	0		-1	-1	4	895	896	897	898	1148	-1	-1	284	8	1	-1	0	0	-1	-1	-1	-1	0	0	-1	-1	-1
KillSwitch	25157	1	12531	0	0	0	0	0	0	0	0	0	-1	0	0	1	-1	-1	0	-1	0	181	18	-1	18	102	-1	1	29	54	2	10	0	0	7	50				-1	-1		0	0	0	0	0		-1	-1	1	899	900	901	902	1148	459	-1	-1	3	0.1	159	0	0	-1	-1	-1	-1	0	0	-1	-1	-1
OldObjectiveObject	25413	1	12537	0	0	0	0	0	0	0	0	0	-1	0	0	1	-1	-1	0	201	1	182	18	-1	18	102	-1	1	29	54	3	10	1	0	7	50				-1	-1		0	0	0	0	0		-1	-1	7	903	904	905	906	1148	-1	-1	285	1	1	-1	0	0	-1	-1	-1	-1	0	0	-1	-1	-1
WhateverThen	25669	1	12543	0	0	0	0	0	0	0	0	0	-1	0	0	1	-1	-1	0	-1	0	183	18	-1	18	102	-1	1	29	54	3	15	0	0	7	50				-1	-1		0	0	0	0	0		-1	-1	6	907	908	909	910	1148	-1	-1	-1	1	1	-1	0	0	-1	-1	-1	-1	0	0	-1	-1	-1
RegularCustomer	25925	1	12549	0	0	0	0	0	0	0	0	0	-1	0	0	1	-1	-1	0	-1	0	184	66	-1	66	115	-1	1	30	58	1	0	0	0	11	100				-1	-1		0	0	0	0	0		-1	-1	0	911	912	913	914	1148	217	-1	-1	1	1	-1	0	0	-1	-1	-1	-1	0	0	-1	-1	-1
Inventory	26181	1	12555	0	0	0	0	0	0	0	0	0	-1	0	0	1	-1	-1	0	-1	0	185	66	-1	66	115	-1	1	30	58	1	5	0	0	11	100				-1	-1		0	0	0	0	0		-1	-1	1	915	916	917	918	1148	474	-1	-1	1	0.1	160	0	0	-1	-1	-1	-1	0	0	-1	-1	-1
LikelyProspects	26437	1	12561	0	0	0	0	0	0	0	0	0	-1	0	0	1	-1	-1	0	-1	0	186	66	-1	66	115	-1	1	30	58	2	5	0	0	11	100				-1	-1		0	0	0	0	0		-1	-1	2	919	920	921	922	1148	390	-1	-1	15	1	-1	0	0	-1	-1	-1	-1	0	0	-1	-1	-1
ThisLandIs	26693	1	12567	0	0	0	0	0	0	0	0	0	-1	0	0	1	-1	-1	0	-1	0	187	66	-1	66	115	-1	1	30	58	2	10	1	0	11	100				-1	-1		0	0	0	0	0		-1	-1	3	923	924	925	926	1148	-1	-1	-1	1	1	-1	0.1	0	-1	-1	-1	-1	0	0	-1	-1	-1
MoneyTree	26949	1	12573	0	0	0	0	0	0	0	0	0	-1	0	0	1	-1	-1	0	202	1	188	66	-1	66	115	-1	1	30	58	3	10	0	0	11	100				-1	-1		0	0	0	0	0		-1	-1	4	927	928	929	930	1148	-1	-1	286	2	1	-1	0	0	-1	-1	-1	-1	0	0	-1	-1	-1
Merchandising	27205	1	12579	0	0	0	0	0	0	0	0	0	-1	0	0	1	-1	-1	0	203	1	189	66	-1	66	115	-1	1	30	58	3	15	0	0	11	100				-1	-1		0	0	0	0	0		-1	-1	7	931	932	933	934	1148	173	-1	-1	1	1	-1	0	0	-1	-1	-1	-1	0	0	-1	-1	-1
CreditCheck	27461	1	12585	0	0	0	0	0	0	0	0	0	-1	0	0	1	-1	-1	0	-1	0	190	66	-1	66	115	-1	1	30	58	4	15	1	0	11	100				-1	-1		0	0	0	0	0		-1	-1	0	935	936	937	938	1148	66	-1	-1	1	1	-1	0	0	-1	-1	-1	-1	0	0	-1	-1	-1
BadCustomers	27717	1	12591	0	0	0	0	0	0	0	0	0	-1	0	0	1	-1	-1	0	-1	0	191	66	-1	66	115	-1	1	30	58	4	20	0	0	11	100				-1	-1		0	0	0	0	0		-1	-1	2	939	940	941	942	1148	512	-1	-1	7	1	-1	0	0	-1	-1	-1	-1	0	0	-1	-1	-1
WantedHolborn1	31045	1	11658	0	0	0	0	0	0	0	0	0	-1	0	0	1	-1	-1	0	-1	0	-1	72	-1	37	1	-1	1	3	32	5	25	0	0	3	100				-1	-1		0	0	0	0	0		-1	-1	1	320	321	322	-1	1148	31	-1	-1	1	1	161	0	0	-1	-1	-1	-1	0	0	-1	-1	-1
WantedHolborn2	31301	1	11659	0	0	0	0	0	0	0	0	0	-1	0	0	1	-1	-1	0	-1	0	-1	72	-1	37	1	-1	1	4	33	5	25	0	0	3	100				-1	-1		0	0	0	0	0		-1	-1	1	320	321	322	-1	1148	63	-1	-1	1	1	162	0	0	-1	-1	-1	-1	0	0	-1	-1	-1
WantedGPS1	16710	1	11664	0	0	0	0	0	0	0	0	0	-1	0	0	1	-1	-1	0	-1	0	-1	73	-1	20	23	-1	1	11	37	5	25	0	0	5	100				-1	-1		0	0	0	0	0		-1	-1	1	320	321	322	-1	1148	75	-1	-1	1	1	163	0	0	-1	-1	-1	-1	0	0	-1	-1	-1
WantedOxford1	17222	1	11666	0	0	0	0	0	0	0	0	0	-1	0	0	1	-1	-1	0	-1	0	-1	74	-1	49	28	-1	1	12	37	5	25	0	0	7	50				-1	-1		0	0	0	0	0		-1	-1	1	320	321	322	-1	1148	426	-1	-1	1	1	164	0	0	-1	-1	-1	-1	0	0	-1	-1	-1
WantedOxford2	17478	1	11667	0	0	0	0	0	0	0	0	0	-1	0	0	1	-1	-1	0	-1	0	-1	74	-1	49	28	-1	1	13	38	5	25	0	0	7	50				-1	-1		0	0	0	0	0		-1	-1	1	320	321	322	-1	1148	122	-1	-1	1	1	165	0	0	-1	-1	-1	-1	0	0	-1	-1	-1
WantedTemplar1	17734	1	11670	0	0	0	0	0	0	0	0	0	-1	0	0	1	-1	-1	0	-1	0	-1	75	-1	21	42	-1	1	20	45	5	25	0	0	7	50				-1	-1		0	0	0	0	0		-1	-1	1	320	321	322	-1	1148	490	-1	-1	1	1	167	0	0	-1	-1	-1	-1	0	0	-1	-1	-1
WantedTemplar2	17990	1	11671	0	0	0	0	0	0	0	0	0	-1	0	0	1	-1	-1	0	-1	0	-1	75	-1	21	42	-1	1	21	46	5	25	0	0	7	50				-1	-1		0	0	0	0	0		-1	-1	1	320	321	322	-1	1148	169	-1	-1	1	1	168	0	0	-1	-1	-1	-1	0	0	-1	-1	-1
WantedMonument1	18246	1	11672	0	0	0	0	0	0	0	0	0	-1	0	0	1	-1	-1	0	-1	0	-1	76	-1	19	58	-1	1	21	45	5	25	0	0	8	100				-1	-1		0	0	0	0	0		-1	-1	1	320	321	322	-1	1148	298	-1	-1	1	1	169	0	0	-1	-1	-1	-1	0	0	-1	-1	-1
WantedMonument2	18502	1	11673	0	0	0	0	0	0	0	0	0	-1	0	0	1	-1	-1	0	-1	0	-1	76	-1	19	58	-1	1	22	46	5	25	0	0	8	100				-1	-1		0	0	0	0	0		-1	-1	1	320	321	322	-1	1148	185	-1	-1	1	1	170	0	0	-1	-1	-1	-1	0	0	-1	-1	-1
WantedLiverpool1	18758	1	11674	0	0	0	0	0	0	0	0	0	-1	0	0	1	-1	-1	0	-1	0	-1	77	-1	80	87	-1	1	26	50	5	25	0	0	9	100				-1	-1		0	0	0	0	0		-1	-1	1	320	321	322	-1	1148	125	-1	-1	1	1	171	0	0	-1	-1	-1	-1	0	0	-1	-1	-1
WantedLiverpool2	19014	1	11675	0	0	0	0	0	0	0	0	0	-1	0	0	1	-1	-1	0	-1	0	-1	77	-1	80	87	-1	1	27	51	5	25	0	0	9	100				-1	-1		0	0	0	0	0		-1	-1	1	320	321	322	-1	1148	279	-1	-1	1	1	172	0	0	-1	-1	-1	-1	0	0	-1	-1	-1
WantedFinsbury1	19270	1	11676	0	0	0	0	0	0	0	0	0	-1	0	0	1	-1	-1	0	-1	0	-1	78	-1	22	102	-1	1	28	53	5	25	0	0	7	50				-1	-1		0	0	0	0	0		-1	-1	1	320	321	322	-1	1148	343	-1	-1	1	1	173	0	0	-1	-1	-1	-1	0	0	-1	-1	-1
WantedFinsbury2	19526	1	11677	0	0	0	0	0	0	0	0	0	-1	0	0	1	-1	-1	0	-1	0	-1	78	-1	22	102	-1	1	29	54	5	25	0	0	7	50				-1	-1		0	0	0	0	0		-1	-1	1	320	321	322	-1	1148	93	-1	-1	1	1	174	0	0	-1	-1	-1	-1	0	0	-1	-1	-1
WantedStPaul1	19782	1	11678	0	0	0	0	0	0	0	0	0	-1	0	0	1	-1	-1	0	-1	0	-1	79	-1	90	115	-1	1	30	58	5	25	0	0	11	100				-1	-1		0	0	0	0	0		-1	-1	1	320	321	322	-1	1148	461	-1	-1	1	1	175	0	0	-1	-1	-1	-1	0	0	-1	-1	-1
WantedStPaul2	20038	1	11679	0	0	0	0	0	0	0	0	0	-1	0	0	1	-1	-1	0	-1	0	-1	79	-1	90	115	-1	1	30	59	5	25	0	0	11	100				-1	-1		0	0	0	0	0		-1	-1	1	320	321	322	-1	1148	392	-1	-1	1	1	176	0	0	-1	-1	-1	-1	0	0	-1	-1	-1
Tricked	20294	1	12659	0	0	0	0	0	0	0	0	0	-1	0	1	1	-1	-1	0	-1	0	202	81	-1	81	7	-1	1	4	29	10	0	0	0	4	100				-1	-1		0	0	0	0	0		-1	-1	0	943	944	945	946	1148	639	-1	-1	1	1	-1	0	0	-1	-1	-1	-1	0	0	-1	-1	-1
Treats	20550	1	12665	0	0	0	1	3600	0	0	0	0	-1	0	1	1	-1	-1	0	-1	0	203	81	-1	81	7	-1	1	4	29	0	0	0	0	4	100				-1	-1		0	0	0	0	0		-1	-1	1	947	948	949	950	1148	-1	-1	-1	5	0	195	0	0	-1	-1	-1	-1	0	0	-1	-1	-1
GFN1	20806	1	12671	1	0	0	0	0	0	0	0	0	-1	0	1	1	-1	-1	0	-1	0	204	81	-1	81	42	-1	1	16	41	5	10	0	0	7	50				-1	-1		0	0	0	0	0		-1	-1	1	951	952	953	954	1148	248	-1	-1	1	1	240	0	0	-1	-1	3	12676	0	0	-1	-1	0
GFN2	21062	1	12678	1	0	0	0	0	0	0	0	0	-1	0	1	1	-1	-1	0	456	1	205	81	-1	81	42	-1	1	16	41	10	10	0	0	7	50				-1	-1		0	0	0	0	0		-1	-1	1	955	956	957	958	1148	-1	-1	-1	1	0	226	0	0	-1	-1	-1	-1	0	0	-1	-1	0
GFN3	21318	1	12685	1	0	0	0	0	0	0	0	0	-1	0	1	1	-1	-1	0	-1	0	206	81	-1	81	42	-1	1	16	41	10	10	0	0	7	50				-1	-1		0	0	0	0	0		-1	-1	0	959	960	961	962	1148	103	-1	-1	1	0	-1	0	0	-1	-1	-1	-1	0	0	-1	-1	0
GFN4	21574	1	12691	1	0	0	1	3600	0	0	0	0	-1	0	1	1	-1	-1	0	-1	0	207	81	-1	81	42	-1	1	16	41	0	0	0	0	7	100				-1	-1		0	0	0	0	0		-1	-1	1	963	964	965	966	1148	-1	-1	-1	10	0	195	0	0	-1	-1	-1	-1	0	0	-1	-1	0
Cube	23110	0	-1	1	0	0	0	0	0	0	0	0	-1	1	0	1	-1	-1	0	-1	0	-1	-1	-1	81	1	-1	1	1	29	0	0	0	0	-1	0	CubeInit	CubeFree		-1	-1		0	0	0	0	0		-1	-1	-1	-1	-1	-1	-1	-1	-1	-1	-1	1	1	-1	0	0	-1	-1	-1	-1	0	0	-1	-1	-1
	0	-1	-1	0	0	0	0	0	0	0	0	0	-1	0	0	1	-1	-1	0	-1	0	0	-1	-1	-1	-1	0	1	1	31	0	0	0	0	-1	0				-1	-1		0	0	0	0	0		-1	-1	-1	-1	-1	-1	-1	-1	-1	-1	-1	1	1	-1	0	0	-1	-1	-1	-1	-1	-1	-1	-1	-1
	0	-1	-1	0	0	0	0	0	0	0	0	0	-1	0	0	1	-1	-1	0	-1	0	0	-1	-1	-1	-1	0	1	1	31	0	0	0	0	-1	0				-1	-1		0	0	0	0	0		-1	-1	-1	-1	-1	-1	-1	-1	-1	-1	-1	1	1	-1	0	0	-1	-1	-1	-1	-1	-1	-1	-1	-1
	0	-1	-1	0	0	0	0	0	0	0	0	0	-1	0	0	1	-1	-1	0	-1	0	0	-1	-1	-1	-1	0	1	1	31	0	0	0	0	-1	0				-1	-1		0	0	0	0	0		-1	-1	-1	-1	-1	-1	-1	-1	-1	-1	-1	1	1	-1	0	0	-1	-1	-1	-1	-1	-1	-1	-1	-1
cube2	24902	1	13126	1	0	0	0	0	0	0	0	0	-1	0	0	1	-1	-1	0	500	1	209	81	-1	81	1	-1	1	1	29	5	25	0	0	12	50				-1	-1		0	0	0	0	0		-1	-1	1	1567	1568	1569	-1	1148	-1	-1	-1	1	0	255	0	0	-1	-1	3	13131	0	0	-1	-1	2
	0	-1	-1	0	0	0	0	0	0	0	0	0	-1	0	0	1	-1	-1	0	-1	0	0	-1	-1	-1	-1	0	1	1	31	0	0	0	0	-1	0				-1	-1		0	0	0	0	0		-1	-1	-1	-1	-1	-1	-1	-1	-1	-1	-1	1	1	-1	0	0	-1	-1	-1	-1	-1	-1	-1	-1	-1
	0	-1	-1	0	0	0	0	0	0	0	0	0	-1	0	0	1	-1	-1	0	-1	0	0	-1	-1	-1	-1	0	1	1	31	0	0	0	0	-1	0				-1	-1		0	0	0	0	0		-1	-1	-1	-1	-1	-1	-1	-1	-1	-1	-1	1	1	-1	0	0	-1	-1	-1	-1	-1	-1	-1	-1	-1
	0	-1	-1	0	0	0	0	0	0	0	0	0	-1	0	0	1	-1	-1	0	-1	0	0	-1	-1	-1	-1	0	1	1	31	0	0	0	0	-1	0				-1	-1		0	0	0	0	0		-1	-1	-1	-1	-1	-1	-1	-1	-1	-1	-1	1	1	-1	0	0	-1	-1	-1	-1	-1	-1	-1	-1	-1
	0	-1	-1	0	0	0	0	0	0	0	0	0	-1	0	0	1	-1	-1	0	-1	0	0	-1	-1	-1	-1	0	1	1	31	0	0	0	0	-1	0				-1	-1		0	0	0	0	0		-1	-1	-1	-1	-1	-1	-1	-1	-1	-1	-1	1	1	-1	0	0	-1	-1	-1	-1	-1	-1	-1	-1	-1
	0	-1	-1	0	0	0	0	0	0	0	0	0	-1	0	0	1	-1	-1	0	-1	0	0	-1	-1	-1	-1	0	1	1	31	0	0	0	0	-1	0				-1	-1		0	0	0	0	0		-1	-1	-1	-1	-1	-1	-1	-1	-1	-1	-1	1	1	-1	0	0	-1	-1	-1	-1	-1	-1	-1	-1	-1
	0	-1	-1	0	0	0	0	0	0	0	0	0	-1	0	0	1	-1	-1	0	-1	0	0	-1	-1	-1	-1	0	1	1	31	0	0	0	0	-1	0				-1	-1		0	0	0	0	0		-1	-1	-1	-1	-1	-1	-1	-1	-1	-1	-1	1	1	-1	0	0	-1	-1	-1	-1	-1	-1	-1	-1	-1
	0	-1	-1	0	0	0	0	0	0	0	0	0	-1	0	0	1	-1	-1	0	-1	0	0	-1	-1	-1	-1	0	1	1	31	0	0	0	0	-1	0				-1	-1		0	0	0	0	0		-1	-1	-1	-1	-1	-1	-1	-1	-1	-1	-1	1	1	-1	0	0	-1	-1	-1	-1	-1	-1	-1	-1	-1
	0	-1	-1	0	0	0	0	0	0	0	0	0	-1	0	0	1	-1	-1	0	-1	0	0	-1	-1	-1	-1	0	1	1	31	0	0	0	0	-1	0				-1	-1		0	0	0	0	0		-1	-1	-1	-1	-1	-1	-1	-1	-1	-1	-1	1	1	-1	0	0	-1	-1	-1	-1	-1	-1	-1	-1	-1
	0	-1	-1	0	0	0	0	0	0	0	0	0	-1	0	0	1	-1	-1	0	-1	0	0	-1	-1	-1	-1	0	1	1	31	0	0	0	0	-1	0				-1	-1		0	0	0	0	0		-1	-1	-1	-1	-1	-1	-1	-1	-1	-1	-1	1	1	-1	0	0	-1	-1	-1	-1	-1	-1	-1	-1	-1
	0	-1	-1	0	0	0	0	0	0	0	0	0	-1	0	0	1	-1	-1	0	-1	0	0	-1	-1	-1	-1	0	1	1	31	0	0	0	0	-1	0				-1	-1		0	0	0	0	0		-1	-1	-1	-1	-1	-1	-1	-1	-1	-1	-1	1	1	-1	0	0	-1	-1	-1	-1	-1	-1	-1	-1	-1
	0	-1	-1	0	0	0	0	0	0	0	0	0	-1	0	0	1	-1	-1	0	-1	0	0	-1	-1	-1	-1	0	1	1	31	0	0	0	0	-1	0				-1	-1		0	0	0	0	0		-1	-1	-1	-1	-1	-1	-1	-1	-1	-1	-1	1	1	-1	0	0	-1	-1	-1	-1	-1	-1	-1	-1	-1
	0	-1	-1	0	0	0	0	0	0	0	0	0	-1	0	0	1	-1	-1	0	-1	0	0	-1	-1	-1	-1	0	1	1	31	0	0	0	0	-1	0				-1	-1		0	0	0	0	0		-1	-1	-1	-1	-1	-1	-1	-1	-1	-1	-1	1	1	-1	0	0	-1	-1	-1	-1	-1	-1	-1	-1	-1
	0	-1	-1	0	0	0	0	0	0	0	0	0	-1	0	0	1	-1	-1	0	-1	0	0	-1	-1	-1	-1	0	1	1	31	0	0	0	0	-1	0				-1	-1		0	0	0	0	0		-1	-1	-1	-1	-1	-1	-1	-1	-1	-1	-1	1	1	-1	0	0	-1	-1	-1	-1	-1	-1	-1	-1	-1
