treasureClass	allowUnitTypes1	allowUnitTypes2	allowUnitTypes3	allowUnitTypes4	allowUnitTypes5	allowUnitTypes6	globalThemeRequired	unknown02	pickTypes	picks	undefined01	undefined02	undefined03	undefined04	undefined05	noDrop	levelBoost	moneyChanceMultiplier	moneyLuckChanceMultiplier	moneyAmountMultiplier	item1m	item1	value1	item2m	item2	value2	item3m	item3	value3	item4m	item4	value4	item5m	item5	value5	item6m	item6	value6	item7m	item7	value7	item8m	item8	value8	spawnCondition	spawnFromMonsterUnitType	spawnFromLevelTheme
defaultmonster	0	0	0	0	0	0	-1	0	1	0	0	0	0	0	0	0	0	1	1	1	3	1	1	3	2	1	0	-1	0	0	-1	0	0	-1	0	0	-1	0	0	-1	0	0	-1	0	0	-1	-1
defaultmonsterloot	0	0	0	0	0	0	-1	0	0	1	0	0	1	0	0	80	0	1	1	1	3	371	12	2	15	2	3	376	20	2	75	8	2	123	4	2	130	16	0	-1	0	0	-1	0	0	-1	-1
defaultmonsterevent	0	0	0	0	0	0	-1	0	1	0	0	0	0	0	0	95	0	1	1	1	3	425	1	0	-1	0	0	-1	0	0	-1	0	0	-1	0	0	-1	0	0	-1	0	0	-1	0	0	-1	-1
defaultmonsterchampion	0	0	0	0	0	0	-1	0	1	0	0	0	0	0	0	0	0	1	1	1	3	4	2	3	-1	1	0	-1	0	0	-1	0	0	-1	0	0	-1	0	0	-1	0	0	-1	0	0	-1	-1
defaultmonsterchampionloot	0	0	0	0	0	0	-1	0	0	1	0	0	1	0	0	0	0	1	1	1	4	0	1	3	371	10	2	15	2	3	376	16	0	-1	0	0	-1	0	0	-1	0	0	-1	0	0	-1	-1
defaultboss	0	0	0	0	0	0	-1	0	1	0	0	0	0	0	0	0	0	9999	1	5	3	6	1	3	7	1	3	8	1	3	425	0	0	-1	0	0	-1	0	0	-1	0	0	-1	0	0	-1	-1
defaultboss2things	0	0	0	0	0	0	-1	0	0	1	0	0	2	0	0	0	"710,26,0,26,3,3,33,0"	1	1	1	4	0	1	4	6	1	3	371	8	2	15	6	3	376	10	0	-1	0	0	-1	0	0	-1	0	0	-1	-1
defaultbossgoodthing	0	0	0	0	0	0	-1	0	0	1	0	0	1	0	0	0	"710,26,1,26,3,3,33,0"	1	1	1	4	0	1	4	1	1	3	371	2	3	376	3	0	-1	0	0	-1	0	0	-1	0	0	-1	0	0	-1	-1
defaultbossjunk	0	0	0	0	0	0	-1	0	0	1	0	0	5	0	0	0	0	1	1	1	3	371	4	2	15	1	3	376	6	2	75	8	2	123	4	2	130	16	7	-1	40	0	-1	0	0	-1	-1
cheapmonster	0	0	0	0	0	0	-1	0	0	1	0	0	1	0	0	96	0	1	1	0.1	3	371	8	2	15	1	3	376	12	2	75	12	2	123	4	2	130	16	0	-1	0	0	-1	0	0	-1	-1
notreasure	0	0	0	0	0	0	-1	0	1	0	0	0	0	0	0	0	0	0	1	0	0	-1	0	0	-1	0	0	-1	0	0	-1	0	0	-1	0	0	-1	0	0	-1	0	0	-1	0	0	-1	-1
	0	0	0	0	0	0	-1	0	-1	0	0	0	0	0	0	0	0	1	1	1	0	-1	0	0	-1	0	0	-1	0	0	-1	0	0	-1	0	0	-1	0	0	-1	0	0	-1	0	0	-1	-1
	0	0	0	0	0	0	-1	0	-1	0	0	0	0	0	0	0	0	1	1	1	0	-1	0	0	-1	0	0	-1	0	0	-1	0	0	-1	0	0	-1	0	0	-1	0	0	-1	0	0	-1	-1
	0	0	0	0	0	0	-1	0	-1	0	0	0	0	0	0	0	0	1	1	1	0	-1	0	0	-1	0	0	-1	0	0	-1	0	0	-1	0	0	-1	0	0	-1	0	0	-1	0	0	-1	-1
	0	0	0	0	0	0	-1	0	-1	0	0	0	0	0	0	0	0	1	1	1	0	-1	0	0	-1	0	0	-1	0	0	-1	0	0	-1	0	0	-1	0	0	-1	0	0	-1	0	0	-1	-1
	0	0	0	0	0	0	-1	0	-1	0	0	0	0	0	0	0	0	1	1	1	0	-1	0	0	-1	0	0	-1	0	0	-1	0	0	-1	0	0	-1	0	0	-1	0	0	-1	0	0	-1	-1
mod_day_cheapmonster	0	0	0	0	0	0	-1	0	0	1	0	0	1	0	0	96	0	1	1	0.1	3	371	8	2	15	4	3	376	12	2	75	12	2	123	4	2	130	16	0	-1	0	0	-1	0	0	-1	-1
mod_day_defaultmonster	0	0	0	0	0	0	-1	0	0	1	0	0	1	0	0	80	0	1	1	1	3	371	12	2	15	8	3	376	20	2	75	8	2	123	4	2	130	16	0	-1	0	0	-1	0	0	-1	-1
mod_day_defaultmonsterchampion	0	0	0	0	0	0	-1	0	0	1	0	0	1	0	0	0	0	1	1	1	4	0	1	3	371	10	2	15	8	3	376	16	0	-1	0	0	-1	0	0	-1	0	0	-1	0	0	-1	-1
mod_day_defaultboss	0	0	0	0	0	0	-1	0	0	1	0	0	2	0	0	0	"710,26,1,26,3,3,33,0"	9999	1	5	4	0	1	3	371	8	2	15	4	3	376	10	0	-1	0	0	-1	0	0	-1	0	0	-1	0	0	-1	-1
mod_day_defaultcrate	0	0	0	0	0	0	-1	0	0	1	0	0	1	0	0	80	0	1	1	1	3	371	6	2	15	16	3	376	8	2	75	12	2	123	6	2	130	16	0	-1	0	0	-1	0	0	-1	-1
mod_day_defaultchest	0	0	0	0	0	0	-1	0	0	1	0	0	1	0	0	15	0	1	1	1	3	371	16	2	15	8	3	376	20	2	75	8	2	123	4	2	130	12	0	-1	0	0	-1	0	0	-1	-1
player	0	0	0	0	0	0	-1	0	1	0	0	0	0	0	0	0	0	0	1	0	3	23	1	0	-1	0	0	-1	0	0	-1	0	0	-1	0	0	-1	0	0	-1	0	0	-1	0	0	-1	-1
pl_misc	0	0	0	0	0	0	-1	0	1	0	0	0	0	0	0	0	0	0	1	0	1	2	4	1	110	2	1	111	2	3	528	1	0	-1	0	0	-1	0	0	-1	0	0	-1	0	0	-1	-1
player_boost	0	0	0	0	0	0	-1	0	1	0	0	0	0	0	0	0	0	0	1	0	2	27	1	2	26	1	2	21	1	2	28	1	2	29	1	2	31	1	1	350	1	0	-1	0	0	-1	-1
player_super_boost	0	0	0	0	0	0	-1	0	1	0	0	0	0	0	0	0	0	0	1	0	4	1	0	3	24	1	0	-1	0	0	-1	0	0	-1	0	0	-1	0	0	-1	0	0	-1	0	0	-1	-1
master_fiend	0	0	0	0	0	0	-1	0	0	1	0	0	2	0	0	0	0	0	1	0	1	595	1	1	602	2	1	605	1	1	609	2	1	595	1	1	599	1	0	-1	0	0	-1	0	0	-1	-1
imp_melee	0	0	0	0	0	0	-1	0	0	1	0	0	1	0	0	0	0	0	1	0	1	599	1	1	602	1	1	595	1	0	-1	0	0	-1	0	0	-1	0	0	-1	0	0	-1	0	0	-1	-1
riftwarrior_sword	0	0	0	0	0	0	-1	0	0	1	0	0	1	0	0	0	0	0	1	0	1	674	1	1	639	1	0	-1	0	0	-1	0	0	-1	0	0	-1	0	0	-1	0	0	-1	0	0	-1	-1
fangsnort_sword	0	0	0	0	0	0	-1	0	0	1	0	0	1	0	0	0	0	0	1	0	1	605	1	0	-1	0	0	-1	0	0	-1	0	0	-1	0	0	-1	0	0	-1	0	0	-1	0	0	-1	-1
zeder_portvolc	0	0	0	0	0	0	-1	0	0	1	0	0	1	0	0	0	0	0	1	0	1	868	1	0	-1	0	0	-1	0	0	-1	0	0	-1	0	0	-1	0	0	-1	0	0	-1	0	0	-1	-1
imp_pet	0	0	0	0	0	0	-1	0	0	1	0	0	1	0	0	0	0	0	1	0	1	595	1	1	602	1	1	626	1	0	-1	0	0	-1	0	0	-1	0	0	-1	0	0	-1	0	0	-1	-1
	0	0	0	0	0	0	-1	0	-1	0	0	0	0	0	0	0	0	1	1	1	0	-1	0	0	-1	0	0	-1	0	0	-1	0	0	-1	0	0	-1	0	0	-1	0	0	-1	0	0	-1	-1
imp_ranged_cb	0	0	0	0	0	0	-1	0	0	1	0	0	1	0	0	0	0	0	1	0	1	291	1	0	-1	0	0	-1	0	0	-1	0	0	-1	0	0	-1	0	0	-1	0	0	-1	0	0	-1	-1
imp_ranged_bp	0	0	0	0	0	0	-1	0	0	1	0	0	1	0	0	0	0	0	1	0	1	843	1	0	-1	0	0	-1	0	0	-1	0	0	-1	0	0	-1	0	0	-1	0	0	-1	0	0	-1	-1
imp_ranged_bs	0	0	0	0	0	0	-1	0	0	1	0	0	1	0	0	0	0	0	1	0	1	840	1	0	-1	0	0	-1	0	0	-1	0	0	-1	0	0	-1	0	0	-1	0	0	-1	0	0	-1	-1
imp_ranged_ab	0	0	0	0	0	0	-1	0	0	1	0	0	1	0	0	0	0	0	1	0	1	442	1	0	-1	0	0	-1	0	0	-1	0	0	-1	0	0	-1	0	0	-1	0	0	-1	0	0	-1	-1
imp_ranged_cr	0	0	0	0	0	0	-1	0	0	1	0	0	1	0	0	0	0	0	1	0	1	329	1	0	-1	0	0	-1	0	0	-1	0	0	-1	0	0	-1	0	0	-1	0	0	-1	0	0	-1	-1
imp_ranged_fl	0	0	0	0	0	0	-1	0	0	1	0	0	1	0	0	0	0	0	1	0	1	279	1	0	-1	0	0	-1	0	0	-1	0	0	-1	0	0	-1	0	0	-1	0	0	-1	0	0	-1	-1
imp_ranged_fb	0	0	0	0	0	0	-1	0	0	1	0	0	1	0	0	0	0	0	1	0	1	362	1	0	-1	0	0	-1	0	0	-1	0	0	-1	0	0	-1	0	0	-1	0	0	-1	0	0	-1	-1
imp_ranged_pm	0	0	0	0	0	0	-1	0	0	1	0	0	1	0	0	0	0	0	1	0	1	403	1	0	-1	0	0	-1	0	0	-1	0	0	-1	0	0	-1	0	0	-1	0	0	-1	0	0	-1	-1
	0	0	0	0	0	0	-1	0	-1	0	0	0	0	0	0	0	0	1	1	1	0	-1	0	0	-1	0	0	-1	0	0	-1	0	0	-1	0	0	-1	0	0	-1	0	0	-1	0	0	-1	-1
	0	0	0	0	0	0	-1	0	-1	0	0	0	0	0	0	0	0	1	1	1	0	-1	0	0	-1	0	0	-1	0	0	-1	0	0	-1	0	0	-1	0	0	-1	0	0	-1	0	0	-1	-1
imp_ranged_uber	0	0	0	0	0	0	-1	0	0	1	0	0	1	0	0	0	0	0	1	0	1	362	1	0	-1	0	0	-1	0	0	-1	0	0	-1	0	0	-1	0	0	-1	0	0	-1	0	0	-1	-1
imp_ranged_riftwarrior	0	0	0	0	0	0	-1	0	0	1	0	0	1	0	0	0	0	0	1	0	1	888	1	1	856	1	0	-1	0	0	-1	0	0	-1	0	0	-1	0	0	-1	0	0	-1	0	0	-1	-1
templar_guard	0	0	0	0	0	0	-1	0	1	0	0	0	0	0	0	0	0	0	1	0	3	47	1	3	48	1	0	-1	0	0	-1	0	0	-1	0	0	-1	0	0	-1	0	0	-1	0	0	-1	-1
templar_fighter	0	0	0	0	0	0	-1	0	1	0	0	0	0	0	0	0	0	0	1	0	3	47	1	3	48	1	0	-1	0	0	-1	0	0	-1	0	0	-1	0	0	-1	0	0	-1	0	0	-1	-1
tm_npc_weapon	0	0	0	0	0	0	-1	0	0	1	0	0	1	0	0	0	0	0	1	0	1	897	3	3	49	1	3	50	1	3	51	2	0	-1	0	0	-1	0	0	-1	0	0	-1	0	0	-1	-1
tm_npc_armor	0	0	0	0	0	0	-1	0	0	1	0	0	1	0	0	0	0	0	1	0	3	53	1	3	54	1	3	55	1	3	56	1	0	-1	0	0	-1	0	0	-1	0	0	-1	0	0	-1	-1
tm_npc_dual_fb	0	0	0	0	0	0	-1	0	1	0	0	0	0	0	0	0	0	0	1	0	1	279	1	1	279	1	0	-1	0	0	-1	0	0	-1	0	0	-1	0	0	-1	0	0	-1	0	0	-1	-1
tm_npc_dual_slicer	0	0	0	0	0	0	-1	0	1	0	0	0	0	0	0	0	0	0	1	0	1	533	1	1	533	1	0	-1	0	0	-1	0	0	-1	0	0	-1	0	0	-1	0	0	-1	0	0	-1	-1
tm_npc_melee	0	0	0	0	0	0	-1	0	0	1	0	0	1	0	0	0	0	0	1	0	1	609	1	1	602	1	1	605	1	0	-1	0	0	-1	0	0	-1	0	0	-1	0	0	-1	0	0	-1	-1
tm_npc_shield	0	0	0	0	0	0	-1	0	0	1	0	0	1	0	0	0	0	0	1	0	1	694	1	1	698	1	1	701	1	0	-1	0	0	-1	0	0	-1	0	0	-1	0	0	-1	0	0	-1	-1
t_npc_armor1	0	0	0	0	0	0	-1	0	1	0	0	0	0	0	0	0	0	0	1	0	1	1624	1	1	1620	1	1	1616	1	0	-1	0	0	-1	0	0	-1	0	0	-1	0	0	-1	0	0	-1	-1
t_npc_armor2	0	0	0	0	0	0	-1	0	1	0	0	0	0	0	0	0	0	0	1	0	1	1638	1	1	1634	1	1	1630	1	1	1622	1	1	1660	1	0	-1	0	0	-1	0	0	-1	0	0	-1	-1
t_npc_armor3	0	0	0	0	0	0	-1	0	1	0	0	0	0	0	0	0	0	0	1	0	1	1652	1	1	1648	1	1	1644	1	1	1664	1	1	1660	1	0	-1	0	0	-1	0	0	-1	0	0	-1	-1
t_npc_armor4	0	0	0	0	0	0	-1	0	1	0	0	0	0	0	0	0	0	0	1	0	1	1666	1	1	1662	1	1	1658	1	1	1664	1	1	1660	1	0	-1	0	0	-1	0	0	-1	0	0	-1	-1
templar_quest	0	0	0	0	0	0	-1	0	1	0	0	0	0	0	0	0	0	0	1	0	3	51	1	3	48	1	0	-1	0	0	-1	0	0	-1	0	0	-1	0	0	-1	0	0	-1	0	0	-1	-1
templar_intro	0	0	0	0	0	0	-1	0	1	0	0	0	0	0	0	0	0	0	1	0	3	59	1	3	48	1	0	-1	0	0	-1	0	0	-1	0	0	-1	0	0	-1	0	0	-1	0	0	-1	-1
intro_weapon	0	0	0	0	0	0	-1	0	0	1	0	0	1	0	0	0	0	0	1	0	1	897	3	3	50	2	3	51	1	0	-1	0	0	-1	0	0	-1	0	0	-1	0	0	-1	0	0	-1	-1
templar_rifle_weapon	0	0	0	0	0	0	-1	0	0	1	0	0	1	0	0	0	0	0	1	0	1	811	1	1	846	1	1	897	1	1	350	1	0	-1	0	0	-1	0	0	-1	0	0	-1	0	0	-1	-1
templar_rifle	0	0	0	0	0	0	-1	0	1	0	0	0	0	0	0	0	0	0	1	0	3	60	1	3	48	1	0	-1	0	0	-1	0	0	-1	0	0	-1	0	0	-1	0	0	-1	0	0	-1	-1
minigame	0	0	0	0	0	0	-1	0	0	1	0	0	3	0	0	0	0	1	1	11	3	371	4	2	15	6	3	376	5	4	0	0	0	-1	0	0	-1	0	0	-1	0	0	-1	0	0	-1	-1
bodger	0	0	0	0	0	0	-1	0	1	0	0	0	0	0	0	0	"710,26,0,26,1,3,33,0"	0	1	0	3	371	28	3	376	28	2	15	5	3	71	1	3	72	1	2	202	10	0	-1	0	0	-1	0	0	-1	-1
	0	0	0	0	0	0	-1	0	-1	0	0	0	0	0	0	0	0	1	1	1	0	-1	0	0	-1	0	0	-1	0	0	-1	0	0	-1	0	0	-1	0	0	-1	0	0	-1	0	0	-1	-1
	0	0	0	0	0	0	-1	0	-1	0	0	0	0	0	0	0	0	1	1	1	0	-1	0	0	-1	0	0	-1	0	0	-1	0	0	-1	0	0	-1	0	0	-1	0	0	-1	0	0	-1	-1
	0	0	0	0	0	0	-1	0	-1	0	0	0	0	0	0	0	0	1	1	1	0	-1	0	0	-1	0	0	-1	0	0	-1	0	0	-1	0	0	-1	0	0	-1	0	0	-1	0	0	-1	-1
	0	0	0	0	0	0	-1	0	-1	0	0	0	0	0	0	0	0	1	1	1	0	-1	0	0	-1	0	0	-1	0	0	-1	0	0	-1	0	0	-1	0	0	-1	0	0	-1	0	0	-1	-1
	0	0	0	0	0	0	-1	0	-1	0	0	0	0	0	0	0	0	1	1	1	0	-1	0	0	-1	0	0	-1	0	0	-1	0	0	-1	0	0	-1	0	0	-1	0	0	-1	0	0	-1	-1
	0	0	0	0	0	0	-1	0	-1	0	0	0	0	0	0	0	0	1	1	1	0	-1	0	0	-1	0	0	-1	0	0	-1	0	0	-1	0	0	-1	0	0	-1	0	0	-1	0	0	-1	-1
	0	0	0	0	0	0	-1	0	-1	0	0	0	0	0	0	0	0	1	1	1	0	-1	0	0	-1	0	0	-1	0	0	-1	0	0	-1	0	0	-1	0	0	-1	0	0	-1	0	0	-1	-1
medpack_and_powerpack	0	0	0	0	0	0	-1	0	1	0	0	0	0	0	0	0	"710,26,0,26,1,3,33,0"	0	1	0	2	123	1	2	75	1	0	-1	0	0	-1	0	0	-1	0	0	-1	0	0	-1	0	0	-1	0	0	-1	-1
basic_supplies	0	0	0	0	0	0	-1	0	1	0	0	0	0	0	0	0	"710,26,0,26,1,3,33,0"	0	1	0	1	110	1	1	118	1	1	111	1	3	457	1	0	-1	0	0	-1	0	0	-1	0	0	-1	0	0	-1	-1
taskforgereward	0	0	0	0	0	0	-1	0	1	0	0	0	0	0	0	0	"710,26,2,26,3,3,33,0"	0	1	0	3	371	1	6	-1	0	4	0	0	0	-1	0	0	-1	0	0	-1	0	0	-1	0	0	-1	0	2	-1	-1
taskurgentcollectcollect	0	0	0	0	0	0	-1	0	0	1	0	0	2	0	0	0	0	0	1	0	2	15	1	3	371	1	2	75	1	0	-1	0	0	-1	0	0	-1	0	0	-1	0	0	-1	0	0	-1	-1
taskurgentcollectreward	0	0	0	0	0	0	-1	0	0	1	0	0	3	0	0	0	"710,26,2,26,3,3,33,0"	0	1	0	3	376	1	6	-1	0	4	0	0	0	-1	0	0	-1	0	0	-1	0	0	-1	0	0	-1	0	2	-1	-1
taskinfestationreward	0	0	0	0	0	0	-1	0	0	1	0	0	3	0	0	0	"710,26,2,26,3,3,33,0"	0	1	0	3	371	1	3	376	1	4	0	0	0	-1	0	0	-1	0	0	-1	0	0	-1	0	0	-1	0	2	-1	-1
taskdefaultreward	0	0	0	0	0	0	-1	0	0	1	0	0	3	0	0	0	"710,26,2,26,3,3,33,0"	0	1	0	3	371	1	3	376	1	4	0	0	0	-1	0	0	-1	0	0	-1	0	0	-1	0	0	-1	0	2	-1	-1
tutorial_crate	0	0	0	0	0	0	-1	0	1	0	0	0	0	0	0	0	0	0	1	0	0	-1	0	0	-1	0	0	-1	0	0	-1	0	0	-1	0	0	-1	0	0	-1	0	0	-1	0	0	-1	-1
tutorial_firstdrop	0	0	0	0	0	0	-1	0	1	1	0	0	1	0	0	0	0	0	1	0	3	376	1	0	-1	0	0	-1	0	0	-1	0	0	-1	0	0	-1	0	0	-1	0	0	-1	0	0	-1	-1
tutorial_notes	0	0	0	0	0	0	-1	0	1	1	0	0	1	0	0	0	0	0	1	0	1	17	1	0	-1	0	0	-1	0	0	-1	0	0	-1	0	0	-1	0	0	-1	0	0	-1	0	0	-1	-1
tutorial_reward	0	0	0	0	0	0	-1	0	1	0	0	0	0	0	0	0	0	0	1	0	0	-1	0	0	-1	0	0	-1	0	0	-1	0	0	-1	0	0	-1	0	0	-1	0	0	-1	0	2	-1	-1
joey_leg	0	0	0	0	0	0	-1	0	1	0	0	0	0	0	0	0	0	0	1	0	1	23	1	0	-1	0	0	-1	0	0	-1	0	0	-1	0	0	-1	0	0	-1	0	0	-1	0	0	-1	-1
joey_leg_reward	0	0	0	0	0	0	-1	0	1	0	0	0	0	0	0	0	0	0	1	0	1	735	1	0	-1	0	0	-1	0	0	-1	0	0	-1	0	0	-1	0	0	-1	0	0	-1	0	0	-1	-1
hellrift_bomb	0	0	0	0	0	0	-1	0	1	0	0	0	0	0	0	0	0	0	1	0	1	18	1	0	-1	0	0	-1	0	0	-1	0	0	-1	0	0	-1	0	0	-1	0	0	-1	0	0	-1	-1
gatekeeper	0	0	0	0	0	0	-1	0	1	0	0	0	0	0	0	0	0	0	1	0	3	3	1	0	-1	0	0	-1	0	0	-1	0	0	-1	0	0	-1	0	0	-1	0	0	-1	0	0	-1	-1
blur	0	0	0	0	0	0	-1	0	1	0	0	0	0	0	0	0	0	0	1	0	3	0	1	1	20	1	0	-1	0	0	-1	0	0	-1	0	0	-1	0	0	-1	0	0	-1	0	0	-1	-1
time_device_pda	0	0	0	0	0	0	-1	0	1	0	0	0	0	0	0	0	0	0	1	0	1	21	1	0	-1	0	0	-1	0	0	-1	0	0	-1	0	0	-1	0	0	-1	0	0	-1	0	0	-1	-1
time_device_templar	0	0	0	0	0	0	-1	0	1	0	0	0	0	0	0	0	0	0	1	0	2	16	1	4	0	0	0	-1	0	0	-1	0	0	-1	0	0	-1	0	0	-1	0	0	-1	0	0	-1	-1
lost_templar	0	0	0	0	0	0	-1	0	1	0	0	0	0	0	0	0	0	0	1	0	1	602	1	1	701	1	0	-1	0	0	-1	0	0	-1	0	0	-1	0	0	-1	0	0	-1	0	0	-1	-1
lost_reward_templar	0	0	0	0	0	0	-1	0	1	0	0	0	0	0	0	0	0	0	1	0	2	40	1	4	0	0	0	-1	0	0	-1	0	0	-1	0	0	-1	0	0	-1	0	0	-1	0	2	-1	-1
lost_reward_other	0	0	0	0	0	0	-1	0	1	0	0	0	0	0	0	0	0	0	1	0	2	16	1	4	0	0	0	-1	0	0	-1	0	0	-1	0	0	-1	0	0	-1	0	0	-1	0	2	-1	-1
	0	0	0	0	0	0	-1	0	-1	0	0	0	0	0	0	0	0	1	1	1	0	-1	0	0	-1	0	0	-1	0	0	-1	0	0	-1	0	0	-1	0	0	-1	0	0	-1	0	0	-1	-1
dark_reward	0	0	0	0	0	0	-1	0	1	0	0	0	0	0	0	0	0	0	1	0	2	16	2	4	0	0	0	-1	0	0	-1	0	0	-1	0	0	-1	0	0	-1	0	0	-1	0	2	-1	-1
war_cabalist	0	0	0	0	0	0	-1	0	0	1	0	0	1	0	0	0	0	0	1	0	3	95	2	3	96	2	3	97	3	0	-1	0	0	-1	0	0	-1	0	0	-1	0	0	-1	0	0	-1	-1
war_cabalist_2hd	0	0	0	0	0	0	-1	0	1	0	0	0	0	0	0	0	0	0	1	0	1	846	1	0	-1	0	0	-1	0	0	-1	0	0	-1	0	0	-1	0	0	-1	0	0	-1	0	0	-1	-1
war_cabalist_1hd	0	0	0	0	0	0	-1	0	1	0	0	0	0	0	0	0	0	0	1	0	1	843	2	0	-1	0	0	-1	0	0	-1	0	0	-1	0	0	-1	0	0	-1	0	0	-1	0	0	-1	-1
war_cabalist_focus	0	0	0	0	0	0	-1	0	1	0	0	0	0	0	0	0	0	0	1	0	1	753	1	1	862	1	0	-1	0	0	-1	0	0	-1	0	0	-1	0	0	-1	0	0	-1	0	0	-1	-1
war_scroll	0	0	0	0	0	0	-1	0	1	0	0	0	0	0	0	0	0	0	1	0	1	22	1	0	-1	0	0	-1	0	0	-1	0	0	-1	0	0	-1	0	0	-1	0	0	-1	0	0	-1	-1
war_reward	0	0	0	0	0	0	-1	0	1	0	0	0	0	0	0	0	0	0	1	0	1	110	1	0	-1	0	0	-1	0	0	-1	0	0	-1	0	0	-1	0	0	-1	0	0	-1	0	0	-1	-1
ferry_reward	0	0	0	0	0	0	-1	0	1	0	0	0	0	0	0	0	0	0	1	0	1	24	1	0	-1	0	0	-1	0	0	-1	0	0	-1	0	0	-1	0	0	-1	0	0	-1	0	0	-1	-1
fawkes_reward	0	0	0	0	0	0	-1	0	1	0	0	0	0	0	0	0	0	0	1	0	1	25	1	0	-1	0	0	-1	0	0	-1	0	0	-1	0	0	-1	0	0	-1	0	0	-1	0	0	-1	-1
battle_templar	0	0	0	0	0	0	-1	0	1	0	0	0	0	0	0	0	0	0	1	0	3	103	1	1	690	1	0	-1	0	0	-1	0	0	-1	0	0	-1	0	0	-1	0	0	-1	0	4	-1	-1
battle_templar_swords	0	0	0	0	0	0	-1	0	0	1	0	0	1	0	0	0	0	0	1	0	1	602	1	1	626	1	1	602	1	1	609	1	1	605	1	0	-1	0	0	-1	0	0	-1	0	4	-1	-1
battle_cabalist	0	0	0	0	0	0	-1	0	0	1	0	0	1	0	0	0	0	0	1	0	1	753	1	0	-1	0	0	-1	0	0	-1	0	0	-1	0	0	-1	0	0	-1	0	0	-1	0	4	-1	-1
battle_hunter	0	0	0	0	0	0	-1	0	0	1	0	0	1	0	0	0	0	0	1	0	3	106	1	3	107	1	0	-1	0	0	-1	0	0	-1	0	0	-1	0	0	-1	0	0	-1	0	4	-1	-1
battle_hunter_2hd	0	0	0	0	0	0	-1	0	0	1	0	0	1	0	0	0	0	0	1	0	1	350	1	1	359	1	0	-1	0	0	-1	0	0	-1	0	0	-1	0	0	-1	0	0	-1	0	4	-1	-1
battle_hunter_dual	0	0	0	0	0	0	-1	0	0	1	0	0	2	0	0	0	0	0	1	0	1	362	1	1	343	1	0	-1	0	0	-1	0	0	-1	0	0	-1	0	0	-1	0	0	-1	0	4	-1	-1
rts_hunter_1	0	0	0	0	0	0	-1	0	0	1	0	0	1	0	0	0	0	0	1	0	1	350	1	0	-1	0	0	-1	0	0	-1	0	0	-1	0	0	-1	0	0	-1	0	0	-1	0	4	-1	-1
rts_hunter_2	0	0	0	0	0	0	-1	0	0	1	0	0	1	0	0	0	0	0	1	0	1	384	1	0	-1	0	0	-1	0	0	-1	0	0	-1	0	0	-1	0	0	-1	0	0	-1	0	4	-1	-1
rts_hunter_3	0	0	0	0	0	0	-1	0	0	1	0	0	1	0	0	0	0	0	1	0	1	350	1	0	-1	0	0	-1	0	0	-1	0	0	-1	0	0	-1	0	0	-1	0	0	-1	0	4	-1	-1
rts_hunter_4	0	0	0	0	0	0	-1	0	0	1	0	0	2	0	0	0	0	0	1	0	1	343	1	1	343	1	0	-1	0	0	-1	0	0	-1	0	0	-1	0	0	-1	0	0	-1	0	4	-1	-1
uber314_templar	0	0	0	0	0	0	-1	0	1	1	0	0	1	0	0	0	0	0	1	0	1	595	1	0	-1	0	0	-1	0	0	-1	0	0	-1	0	0	-1	0	0	-1	0	0	-1	0	4	-1	-1
uber314_hunter	0	0	0	0	0	0	-1	0	1	1	0	0	1	0	0	0	0	0	1	0	1	313	1	0	-1	0	0	-1	0	0	-1	0	0	-1	0	0	-1	0	0	-1	0	0	-1	0	4	-1	-1
uber314_cabalist	0	0	0	0	0	0	-1	0	1	1	0	0	1	0	0	0	0	0	1	0	1	811	1	0	-1	0	0	-1	0	0	-1	0	0	-1	0	0	-1	0	0	-1	0	0	-1	0	4	-1	-1
battle_turret	0	0	0	0	0	0	-1	0	0	1	0	0	1	0	0	0	0	0	1	0	1	322	1	0	-1	0	0	-1	0	0	-1	0	0	-1	0	0	-1	0	0	-1	0	0	-1	0	4	-1	-1
death_tech_body	0	0	0	0	0	0	-1	0	1	0	0	0	0	0	0	0	0	0	1	0	1	736	1	0	-1	0	0	-1	0	0	-1	0	0	-1	0	0	-1	0	0	-1	0	0	-1	0	0	-1	-1
death_reward	0	0	0	0	0	0	-1	0	1	0	0	0	0	0	0	0	0	0	1	0	2	16	2	4	0	0	0	-1	0	0	-1	0	0	-1	0	0	-1	0	0	-1	0	0	-1	0	4	-1	-1
oracle_head	0	0	0	0	0	0	-1	0	1	0	0	0	0	0	0	0	0	0	1	0	1	28	1	0	-1	0	0	-1	0	0	-1	0	0	-1	0	0	-1	0	0	-1	0	0	-1	0	0	-1	-1
oracle_part_a	0	0	0	0	0	0	-1	0	1	0	0	0	0	0	0	0	0	0	1	0	1	26	1	0	-1	0	0	-1	0	0	-1	0	0	-1	0	0	-1	0	0	-1	0	0	-1	0	0	-1	-1
oracle_part_b	0	0	0	0	0	0	-1	0	1	0	0	0	0	0	0	0	0	0	1	0	1	27	1	0	-1	0	0	-1	0	0	-1	0	0	-1	0	0	-1	0	0	-1	0	0	-1	0	0	-1	-1
complete_oracle	0	0	0	0	0	0	-1	0	1	0	0	0	0	0	0	0	0	0	1	0	1	29	1	0	-1	0	0	-1	0	0	-1	0	0	-1	0	0	-1	0	0	-1	0	0	-1	0	0	-1	-1
hidden_beauty	0	0	0	0	0	0	-1	0	1	0	0	0	0	0	0	0	0	0	1	0	1	737	1	0	-1	0	0	-1	0	0	-1	0	0	-1	0	0	-1	0	0	-1	0	0	-1	0	0	-1	-1
firstsample_offer	0	0	0	0	0	0	-1	0	1	0	0	0	0	0	0	0	0	0	1	0	1	32	1	1	1311	1	0	-1	0	0	-1	0	0	-1	0	0	-1	0	0	-1	0	0	-1	0	0	-1	-1
firstsample_filled	0	0	0	0	0	0	-1	0	1	0	0	0	0	0	0	0	0	0	1	0	1	33	1	0	-1	0	0	-1	0	0	-1	0	0	-1	0	0	-1	0	0	-1	0	0	-1	0	0	-1	-1
wormhunt_relic	0	0	0	0	0	0	-1	0	1	0	0	0	0	0	0	0	0	0	1	0	1	34	1	0	-1	0	0	-1	0	0	-1	0	0	-1	0	0	-1	0	0	-1	0	0	-1	0	0	-1	-1
wormhunt_device	0	0	0	0	0	0	-1	0	1	0	0	0	0	0	0	0	0	0	1	0	1	35	1	0	-1	0	0	-1	0	0	-1	0	0	-1	0	0	-1	0	0	-1	0	0	-1	0	0	-1	-1
secondsample_offer	0	0	0	0	0	0	-1	0	1	0	0	0	0	0	0	0	0	0	1	0	1	36	1	0	-1	0	0	-1	0	0	-1	0	0	-1	0	0	-1	0	0	-1	0	0	-1	0	0	-1	-1
secondsample_filled	0	0	0	0	0	0	-1	0	1	0	0	0	0	0	0	0	0	0	1	0	1	37	1	0	-1	0	0	-1	0	0	-1	0	0	-1	0	0	-1	0	0	-1	0	0	-1	0	0	-1	-1
cleanup_offer	0	0	0	0	0	0	-1	0	1	0	0	0	0	0	0	0	0	0	1	0	1	849	1	0	-1	0	0	-1	0	0	-1	0	0	-1	0	0	-1	0	0	-1	0	0	-1	0	0	-1	-1
helprescue_offer	0	0	0	0	0	0	-1	0	1	0	0	0	0	0	0	0	0	0	1	0	1	38	1	0	-1	0	0	-1	0	0	-1	0	0	-1	0	0	-1	0	0	-1	0	0	-1	0	0	-1	-1
riftscan_offer	0	0	0	0	0	0	-1	0	1	0	0	0	0	0	0	0	0	0	1	0	1	39	1	1	40	1	0	-1	0	0	-1	0	0	-1	0	0	-1	0	0	-1	0	0	-1	0	0	-1	-1
secretmessages_offer	0	0	0	0	0	0	-1	0	1	0	0	0	0	0	0	0	0	0	1	0	1	41	1	1	42	1	0	-1	0	0	-1	0	0	-1	0	0	-1	0	0	-1	0	0	-1	0	0	-1	-1
recipe_portalboost_red	0	0	0	0	0	0	-1	0	1	1	0	0	1	0	0	0	0	0	1	0	1	49	1	0	-1	0	0	-1	0	0	-1	0	0	-1	0	0	-1	0	0	-1	0	0	-1	0	0	-1	-1
recipe_portalboost_green	0	0	0	0	0	0	-1	0	1	1	0	0	1	0	0	0	0	0	1	0	1	50	1	0	-1	0	0	-1	0	0	-1	0	0	-1	0	0	-1	0	0	-1	0	0	-1	0	0	-1	-1
recipe_portalboost_blue	0	0	0	0	0	0	-1	0	1	1	0	0	1	0	0	0	0	0	1	0	1	51	1	0	-1	0	0	-1	0	0	-1	0	0	-1	0	0	-1	0	0	-1	0	0	-1	0	0	-1	-1
recipe_powersupply_rrg	0	0	0	0	0	0	-1	0	1	1	0	0	1	0	0	0	0	0	1	0	1	52	1	0	-1	0	0	-1	0	0	-1	0	0	-1	0	0	-1	0	0	-1	0	0	-1	0	0	-1	-1
recipe_powersupply_rgb	0	0	0	0	0	0	-1	0	1	1	0	0	1	0	0	0	0	0	1	0	1	53	1	0	-1	0	0	-1	0	0	-1	0	0	-1	0	0	-1	0	0	-1	0	0	-1	0	0	-1	-1
recipe_powersupply_gbb	0	0	0	0	0	0	-1	0	1	1	0	0	1	0	0	0	0	0	1	0	1	54	1	0	-1	0	0	-1	0	0	-1	0	0	-1	0	0	-1	0	0	-1	0	0	-1	0	0	-1	-1
recipe_powersupply_rbb	0	0	0	0	0	0	-1	0	1	1	0	0	1	0	0	0	0	0	1	0	1	55	1	0	-1	0	0	-1	0	0	-1	0	0	-1	0	0	-1	0	0	-1	0	0	-1	0	0	-1	-1
recipe_powersupply_rgg	0	0	0	0	0	0	-1	0	1	1	0	0	1	0	0	0	0	0	1	0	1	56	1	0	-1	0	0	-1	0	0	-1	0	0	-1	0	0	-1	0	0	-1	0	0	-1	0	0	-1	-1
quest_scroll_merchant	0	0	0	0	0	0	-1	0	1	0	0	0	0	0	0	0	0	0	1	0	1	46	1	1	47	1	1	48	1	0	-1	0	0	-1	0	0	-1	0	0	-1	0	0	-1	0	0	-1	-1
portalboost_offer	0	0	0	0	0	0	-1	0	0	1	0	0	3	0	0	0	0	0	1	0	1	57	10	1	58	10	1	59	10	1	60	10	1	61	10	0	-1	0	0	-1	0	0	-1	0	0	-1	-1
portalboost_gland_tc	0	0	0	0	0	0	-1	0	0	1	0	0	1	0	0	0	0	0	1	0	1	43	10	1	44	10	1	45	10	0	-1	0	0	-1	0	0	-1	0	0	-1	0	0	-1	0	0	-1	-1
trainfix_tc1	0	0	0	0	0	0	-1	0	1	0	0	0	0	0	0	0	0	0	1	0	1	62	1	0	-1	0	0	-1	0	0	-1	0	0	-1	0	0	-1	0	0	-1	0	0	-1	0	1	-1	-1
trainfix_tc2	0	0	0	0	0	0	-1	0	1	0	0	0	0	0	0	0	0	0	1	0	1	63	1	0	-1	0	0	-1	0	0	-1	0	0	-1	0	0	-1	0	0	-1	0	0	-1	0	1	-1	-1
trainfix_tc3	0	0	0	0	0	0	-1	0	1	0	0	0	0	0	0	0	0	0	1	0	1	64	1	0	-1	0	0	-1	0	0	-1	0	0	-1	0	0	-1	0	0	-1	0	0	-1	0	1	-1	-1
triage_offer	0	0	0	0	0	0	-1	0	1	0	0	0	0	0	0	0	0	0	1	0	1	65	1	0	-1	0	0	-1	0	0	-1	0	0	-1	0	0	-1	0	0	-1	0	0	-1	0	0	-1	-1
thedeep_offer	0	0	0	0	0	0	-1	0	1	0	0	0	0	0	0	0	0	0	1	0	1	1312	1	0	-1	0	0	-1	0	0	-1	0	0	-1	0	0	-1	0	0	-1	0	0	-1	0	0	-1	-1
thesigil_offer	0	0	0	0	0	0	-1	0	1	0	0	0	0	0	0	0	0	0	1	0	1	66	1	0	-1	0	0	-1	0	0	-1	0	0	-1	0	0	-1	0	0	-1	0	0	-1	0	0	-1	-1
panic_reward	0	0	0	0	0	0	-1	0	1	1	0	0	1	0	0	0	0	0	1	0	1	1527	1	1	1111	1	1	1321	1	0	-1	0	0	-1	0	0	-1	0	0	-1	0	0	-1	0	0	-1	-1
strangebrew_tc	0	0	0	0	0	0	-1	0	1	1	0	0	1	0	0	0	0	0	1	0	1	67	1	0	-1	0	0	-1	0	0	-1	0	0	-1	0	0	-1	0	0	-1	0	0	-1	0	0	-1	-1
strangebrew_reward	0	0	0	0	0	0	-1	0	1	1	0	0	1	0	0	0	0	0	1	0	1	523	1	1	881	1	1	284	1	0	-1	0	0	-1	0	0	-1	0	0	-1	0	0	-1	0	0	-1	-1
bigger_reward	0	0	0	0	0	0	-1	0	1	1	0	0	1	0	0	0	0	0	1	0	1	1529	1	1	1113	1	1	1323	1	0	-1	0	0	-1	0	0	-1	0	0	-1	0	0	-1	0	0	-1	-1
dawn_reward	0	0	0	0	0	0	-1	0	1	1	0	0	1	0	0	0	0	0	1	0	1	1119	1	1	1329	1	1	1535	1	4	1	0	4	2	0	4	3	0	4	5	0	0	-1	0	0	-1	-1
day_tc	0	0	0	0	0	0	-1	0	1	1	0	0	1	0	0	0	0	0	1	0	1	68	1	0	-1	0	0	-1	0	0	-1	0	0	-1	0	0	-1	0	0	-1	0	0	-1	0	0	-1	-1
day_reward	0	0	0	0	0	0	-1	0	1	1	0	0	1	0	0	0	0	0	1	0	1	1532	1	1	1116	1	1	1326	1	0	-1	0	0	-1	0	0	-1	0	0	-1	0	0	-1	0	0	-1	-1
night_reward	0	0	0	0	0	0	-1	0	1	1	0	0	1	0	0	0	0	0	1	0	1	1534	1	1	1118	1	1	1328	1	0	-1	0	0	-1	0	0	-1	0	0	-1	0	0	-1	0	0	-1	-1
doorfix_tc	0	0	0	0	0	0	-1	0	1	1	0	0	1	0	0	0	0	0	1	0	1	16	1	0	-1	0	0	-1	0	0	-1	0	0	-1	0	0	-1	0	0	-1	0	0	-1	0	0	-1	-1
bagobones_tc	0	0	0	0	0	0	-1	0	1	1	0	0	1	0	0	0	0	0	1	0	1	70	1	0	-1	0	0	-1	0	0	-1	0	0	-1	0	0	-1	0	0	-1	0	0	-1	0	0	-1	-1
fangsnort_tc	0	0	0	0	0	0	-1	0	1	1	0	0	1	0	0	0	0	0	1	0	1	69	1	0	-1	0	0	-1	0	0	-1	0	0	-1	0	0	-1	0	0	-1	0	0	-1	0	0	-1	-1
huntercgs_tc	0	0	0	0	0	0	-1	0	1	1	0	0	1	0	0	0	0	0	1	0	1	71	1	0	-1	0	0	-1	0	0	-1	0	0	-1	0	0	-1	0	0	-1	0	0	-1	0	0	-1	-1
whitehall_tc	0	0	0	0	0	0	-1	0	1	1	0	0	1	0	0	0	0	0	1	0	1	72	1	0	-1	0	0	-1	0	0	-1	0	0	-1	0	0	-1	0	0	-1	0	0	-1	0	0	-1	-1
quest_cabalistclasscgs2_reward	0	0	0	0	0	0	-1	0	1	1	0	0	1	0	0	0	0	0	1	0	1	746	1	1	820	1	0	-1	0	0	-1	0	0	-1	0	0	-1	0	0	-1	0	0	-1	0	0	-1	-1
quest_templarclasscgs2_reward	0	0	0	0	0	0	-1	0	1	1	0	0	1	0	0	0	0	0	1	0	1	515	1	1	612	1	0	-1	0	0	-1	0	0	-1	0	0	-1	0	0	-1	0	0	-1	0	0	-1	-1
quest_hunterclasscgs2_reward	0	0	0	0	0	0	-1	0	1	1	0	0	1	0	0	0	0	0	1	0	1	325	1	1	346	1	0	-1	0	0	-1	0	0	-1	0	0	-1	0	0	-1	0	0	-1	0	0	-1	-1
quest_bookstoresearch_reward	0	0	0	0	0	0	-1	0	1	1	0	0	1	0	0	0	0	0	1	0	1	1548	1	1	1129	1	1	1346	1	0	-1	0	0	-1	0	0	-1	0	0	-1	0	0	-1	0	0	-1	-1
quest_gpainfest_reward	0	0	0	0	0	0	-1	0	1	1	0	0	1	0	0	0	0	0	1	0	1	1876	1	1	1882	1	1	1892	1	0	-1	0	0	-1	0	0	-1	0	0	-1	0	0	-1	0	0	-1	-1
quest_aahunt_reward	0	0	0	0	0	0	-1	0	1	1	0	0	1	0	0	0	0	0	1	0	1	1552	1	1	1132	1	1	1339	1	0	-1	0	0	-1	0	0	-1	0	0	-1	0	0	-1	0	0	-1	-1
quest_whitehallcollect_reward	0	0	0	0	0	0	-1	0	1	1	0	0	1	0	0	0	0	0	1	0	1	1545	1	1	1136	1	1	1342	1	0	-1	0	0	-1	0	0	-1	0	0	-1	0	0	-1	0	0	-1	-1
quest_usandthem_reward	0	0	0	0	0	0	-1	0	1	1	0	0	1	0	0	0	0	0	1	0	1	1558	1	1	1142	1	1	1464	1	0	-1	0	0	-1	0	0	-1	0	0	-1	0	0	-1	0	0	-1	-1
quest_killnoname_reward	0	0	0	0	0	0	-1	0	1	1	0	0	1	0	0	0	0	0	1	0	1	393	1	1	622	1	1	903	1	0	-1	0	0	-1	0	0	-1	0	0	-1	0	0	-1	0	0	-1	-1
quest_dogs_reward	0	0	0	0	0	0	-1	0	1	1	0	0	1	0	0	0	0	0	1	0	1	560	1	0	-1	0	0	-1	0	0	-1	0	0	-1	0	0	-1	0	0	-1	0	0	-1	0	0	-1	-1
quest_heyyou_reward	0	0	0	0	0	0	-1	0	1	1	0	0	1	0	0	0	0	0	1	0	1	79	6	0	-1	0	0	-1	0	0	-1	0	0	-1	0	0	-1	0	0	-1	0	0	-1	0	64	-1	-1
quest_lightwelterweight_reward	0	0	0	0	0	0	-1	0	1	1	0	0	1	0	0	0	0	0	1	0	1	1886	1	1	1877	1	1	1890	1	0	-1	0	0	-1	0	0	-1	0	0	-1	0	0	-1	0	0	-1	-1
quest_welterweight_reward	0	0	0	0	0	0	-1	0	1	1	0	0	1	0	0	0	0	0	1	0	1	1563	1	1	1147	1	1	1469	1	0	-1	0	0	-1	0	0	-1	0	0	-1	0	0	-1	0	0	-1	-1
quest_wandrelic_reward	0	0	0	0	0	0	-1	0	1	1	0	0	1	0	0	0	0	0	1	0	1	1566	1	1	1150	1	1	1472	1	0	-1	0	0	-1	0	0	-1	0	0	-1	0	0	-1	0	0	-1	-1
quest_theknockout_reward	0	0	0	0	0	0	-1	0	1	1	0	0	1	0	0	0	0	0	1	0	1	1879	1	1	1885	1	1	1889	1	0	-1	0	0	-1	0	0	-1	0	0	-1	0	0	-1	0	0	-1	-1
quest_finddobster_reward	0	0	0	0	0	0	-1	0	1	1	0	0	1	0	0	0	0	0	1	0	1	80	6	1	85	6	1	95	6	1	105	6	0	-1	0	0	-1	0	0	-1	0	0	-1	0	64	-1	-1
quest_shineon_reward	0	0	0	0	0	0	-1	0	1	1	0	0	1	0	0	0	0	0	1	0	1	1880	1	1	1883	1	1	1893	1	0	-1	0	0	-1	0	0	-1	0	0	-1	0	0	-1	0	0	-1	-1
minidynamo_tc	0	0	0	0	0	0	-1	0	1	1	0	0	1	0	0	0	0	0	1	0	1	73	1	0	-1	0	0	-1	0	0	-1	0	0	-1	0	0	-1	0	0	-1	0	0	-1	0	0	-1	-1
thephantom_tc	0	0	0	0	0	0	-1	0	1	1	0	0	1	0	0	0	0	0	1	0	1	74	1	0	-1	0	0	-1	0	0	-1	0	0	-1	0	0	-1	0	0	-1	0	0	-1	0	0	-1	-1
datacrystals_tc	0	0	0	0	0	0	-1	0	1	1	0	0	1	0	0	0	0	0	1	0	1	75	1	0	-1	0	0	-1	0	0	-1	0	0	-1	0	0	-1	0	0	-1	0	0	-1	0	0	-1	-1
sandman_tc	0	0	0	0	0	0	-1	0	1	1	0	0	1	0	0	0	0	0	1	0	1	76	1	0	-1	0	0	-1	0	0	-1	0	0	-1	0	0	-1	0	0	-1	0	0	-1	0	0	-1	-1
crivens_tc	0	0	0	0	0	0	-1	0	1	1	0	0	1	0	0	0	0	0	1	0	1	77	1	0	-1	0	0	-1	0	0	-1	0	0	-1	0	0	-1	0	0	-1	0	0	-1	0	0	-1	-1
weeman_offer	0	0	0	0	0	0	-1	0	1	1	0	0	1	0	0	0	0	0	1	0	1	77	1	0	-1	0	0	-1	0	0	-1	0	0	-1	0	0	-1	0	0	-1	0	0	-1	0	0	-1	-1
quest_narrowway_tc	0	0	0	0	0	0	-1	0	1	1	0	0	1	0	0	0	0	0	1	0	1	120	1	0	-1	0	0	-1	0	0	-1	0	0	-1	0	0	-1	0	0	-1	0	0	-1	0	0	-1	-1
quest_results_tc	0	0	0	0	0	0	-1	0	1	1	0	0	1	0	0	0	0	0	1	0	1	121	1	0	-1	0	0	-1	0	0	-1	0	0	-1	0	0	-1	0	0	-1	0	0	-1	0	0	-1	-1
quest_mysteriousbibelot_tc	0	0	0	0	0	0	-1	0	1	1	0	0	1	0	0	0	0	0	1	0	1	122	1	0	-1	0	0	-1	0	0	-1	0	0	-1	0	0	-1	0	0	-1	0	0	-1	0	0	-1	-1
quest_propernotice_tc	0	0	0	0	0	0	-1	0	1	1	0	0	1	0	0	0	0	0	1	0	1	123	1	0	-1	0	0	-1	0	0	-1	0	0	-1	0	0	-1	0	0	-1	0	0	-1	0	0	-1	-1
quest_saybyetobookie_tc	0	0	0	0	0	0	-1	0	1	1	0	0	1	0	0	0	0	0	1	0	1	124	1	0	-1	0	0	-1	0	0	-1	0	0	-1	0	0	-1	0	0	-1	0	0	-1	0	0	-1	-1
quest_transfusion_tc	0	0	0	0	0	0	-1	0	1	1	0	0	1	0	0	0	0	0	1	0	1	1071	1	0	-1	0	0	-1	0	0	-1	0	0	-1	0	0	-1	0	0	-1	0	0	-1	0	2	-1	-1
quest_beasley3_tc	0	0	0	0	0	0	-1	0	1	1	0	0	1	0	0	0	0	0	1	0	1	137	1	0	-1	0	0	-1	0	0	-1	0	0	-1	0	0	-1	0	0	-1	0	0	-1	0	2	-1	-1
task_flux_modulator_tc	0	0	0	0	0	0	-1	0	1	1	0	0	1	0	0	0	0	0	1	0	1	138	1	0	-1	0	0	-1	0	0	-1	0	0	-1	0	0	-1	0	0	-1	0	0	-1	0	2	-1	-1
task_implant_08_tc	0	0	0	0	0	0	-1	0	1	1	0	0	1	0	0	0	0	0	1	0	1	139	1	0	-1	0	0	-1	0	0	-1	0	0	-1	0	0	-1	0	0	-1	0	0	-1	0	2	-1	-1
task_id_module2_tc	0	0	0	0	0	0	-1	0	1	1	0	0	1	0	0	0	0	0	1	0	1	140	1	0	-1	0	0	-1	0	0	-1	0	0	-1	0	0	-1	0	0	-1	0	0	-1	0	2	-1	-1
task_bodywarms_tc	0	0	0	0	0	0	-1	0	1	1	0	0	1	0	0	0	0	0	1	0	1	135	1	0	-1	0	0	-1	0	0	-1	0	0	-1	0	0	-1	0	0	-1	0	0	-1	0	2	-1	-1
task_implant_012_tc	0	0	0	0	0	0	-1	0	1	1	0	0	1	0	0	0	0	0	1	0	1	141	1	0	-1	0	0	-1	0	0	-1	0	0	-1	0	0	-1	0	0	-1	0	0	-1	0	2	-1	-1
task_aiding_tc	0	0	0	0	0	0	-1	0	1	1	0	0	1	0	0	0	0	0	1	0	1	124	1	0	-1	0	0	-1	0	0	-1	0	0	-1	0	0	-1	0	0	-1	0	0	-1	0	2	-1	-1
task_id_module2a_tc	0	0	0	0	0	0	-1	0	1	1	0	0	1	0	0	0	0	0	1	0	1	140	1	0	-1	0	0	-1	0	0	-1	0	0	-1	0	0	-1	0	0	-1	0	0	-1	0	2	-1	-1
task_id_module2b_tc	0	0	0	0	0	0	-1	0	1	1	0	0	1	0	0	0	0	0	1	0	1	140	1	0	-1	0	0	-1	0	0	-1	0	0	-1	0	0	-1	0	0	-1	0	0	-1	0	2	-1	-1
task_id_objobj_tc	0	0	0	0	0	0	-1	0	1	1	0	0	1	0	0	0	0	0	1	0	1	130	1	0	-1	0	0	-1	0	0	-1	0	0	-1	0	0	-1	0	0	-1	0	0	-1	0	2	-1	-1
task_gem4_tc	0	0	0	0	0	0	-1	0	1	1	0	0	1	0	0	0	0	0	1	0	1	136	1	0	-1	0	0	-1	0	0	-1	0	0	-1	0	0	-1	0	0	-1	0	0	-1	0	2	-1	-1
task_claw2_tc	0	0	0	0	0	0	-1	0	1	1	0	0	1	0	0	0	0	0	1	0	1	142	1	0	-1	0	0	-1	0	0	-1	0	0	-1	0	0	-1	0	0	-1	0	0	-1	0	2	-1	-1
task_trashbag_01_tc	0	0	0	0	0	0	-1	0	1	0	0	0	0	0	0	0	0	0	1	0	1	177	1	0	-1	0	0	-1	0	0	-1	0	0	-1	0	0	-1	0	0	-1	0	0	-1	0	2	-1	-1
task_documents_tc	0	0	0	0	0	0	-1	0	1	1	0	0	1	0	0	0	0	0	1	0	1	121	1	0	-1	0	0	-1	0	0	-1	0	0	-1	0	0	-1	0	0	-1	0	0	-1	0	2	-1	-1
task_digibill_tc	0	0	0	0	0	0	-1	0	1	1	0	0	1	0	0	0	0	0	1	0	1	184	1	0	-1	0	0	-1	0	0	-1	0	0	-1	0	0	-1	0	0	-1	0	0	-1	0	2	-1	-1
commander	0	0	0	0	0	0	-1	0	1	0	0	0	0	0	0	0	0	0	1	0	0	-1	1	0	-1	1	0	-1	0	0	-1	0	0	-1	0	0	-1	0	0	-1	0	0	-1	0	0	-1	-1
cgstation_guard_foetid	0	0	0	0	0	0	-1	0	1	0	0	0	0	0	0	0	0	0	1	0	1	897	1	0	-1	0	0	-1	0	0	-1	0	0	-1	0	0	-1	0	0	-1	0	0	-1	0	0	-1	-1
cgstation_guard_holborn	0	0	0	0	0	0	-1	0	1	0	0	0	0	0	0	0	0	0	1	0	1	663	1	0	-1	0	0	-1	0	0	-1	0	0	-1	0	0	-1	0	0	-1	0	0	-1	0	0	-1	-1
shiva	0	0	0	0	0	0	-1	0	1	0	0	0	0	0	0	0	0	0	1	0	1	738	1	0	-1	0	0	-1	0	0	-1	0	0	-1	0	0	-1	0	0	-1	0	0	-1	0	0	-1	-1
act1_templar_quest	0	0	0	0	0	0	-1	0	1	0	0	0	0	0	0	0	0	0	1	0	1	500	1	0	-1	0	0	-1	0	0	-1	0	0	-1	0	0	-1	0	0	-1	0	0	-1	0	0	-1	-1
act1cabalist	0	0	0	0	0	0	-1	0	1	0	0	0	0	0	0	0	0	0	1	0	1	738	1	0	-1	0	0	-1	0	0	-1	0	0	-1	0	0	-1	0	0	-1	0	0	-1	0	0	-1	-1
timecabalist	0	0	0	0	0	0	-1	0	1	0	0	0	0	0	0	0	0	0	1	0	1	897	1	0	-1	0	0	-1	0	0	-1	0	0	-1	0	0	-1	0	0	-1	0	0	-1	0	0	-1	-1
uber_guard	0	0	0	0	0	0	-1	0	1	0	0	0	0	0	0	0	0	0	1	0	3	51	1	2	40	1	0	-1	0	0	-1	0	0	-1	0	0	-1	0	0	-1	0	0	-1	0	0	-1	-1
uber_guard_patrol	0	0	0	0	0	0	-1	0	0	1	0	0	1	0	0	0	0	0	1	0	1	350	1	1	291	1	1	297	1	0	-1	0	0	-1	0	0	-1	0	0	-1	0	0	-1	0	0	-1	-1
cgs_templar_task	0	0	0	0	0	0	-1	0	1	0	0	0	0	0	0	0	0	0	1	0	1	602	1	1	482	1	0	-1	0	0	-1	0	0	-1	0	0	-1	0	0	-1	0	0	-1	0	0	-1	-1
cgs_cabalist_task	0	0	0	0	0	0	-1	0	1	0	0	0	0	0	0	0	0	0	1	0	1	800	1	0	-1	0	0	-1	0	0	-1	0	0	-1	0	0	-1	0	0	-1	0	0	-1	0	0	-1	-1
cgs_hunter_task	0	0	0	0	0	0	-1	0	1	0	0	0	0	0	0	0	0	0	1	0	1	442	1	0	-1	0	0	-1	0	0	-1	0	0	-1	0	0	-1	0	0	-1	0	0	-1	0	0	-1	-1
defaultcrate	0	0	0	0	0	0	-1	0	0	1	0	0	1	0	0	85	0	1	1	1	3	371	6	2	15	3	3	376	8	2	75	12	2	123	6	2	130	16	0	-1	0	0	-1	0	0	-1	-1
defaultchest	0	0	0	0	0	0	-1	0	0	1	0	0	1	0	0	15	0	1	1	1	3	371	16	2	15	3	3	376	20	2	75	8	2	123	4	2	130	12	0	-1	0	0	-1	0	0	-1	-1
defaultsuperchest	0	0	0	0	0	0	-1	0	5	1	0	0	1	0	0	0	0	1	1	6	3	-1	1	3	222	1	0	-1	0	0	-1	0	0	-1	0	0	-1	0	0	-1	0	0	-1	0	0	-1	-1
defaultsuperchestnoleveltheme	0	0	0	0	0	0	-1	0	1	1	0	0	1	0	0	0	0	1	1	1	3	223	1	3	224	1	0	-1	0	0	-1	0	0	-1	0	0	-1	0	0	-1	0	0	-1	0	0	-1	-1
defaultsuperchestnormal	0	0	0	0	0	0	-1	0	0	1	0	0	2	0	0	0	0	1	1	1	3	371	3	2	15	4	3	376	3	0	-1	0	0	-1	0	0	-1	0	0	-1	0	0	-1	0	0	-1	-1
defaultsuperchestgood	0	0	0	0	0	0	-1	0	0	1	0	0	1	0	0	0	0	1	1	1	3	371	3	2	15	1	3	376	3	4	0	0	0	-1	0	0	-1	0	0	-1	0	0	-1	0	0	-1	-1
	0	0	0	0	0	0	-1	0	-1	0	0	0	0	0	0	0	0	1	1	1	0	-1	0	0	-1	0	0	-1	0	0	-1	0	0	-1	0	0	-1	0	0	-1	0	0	-1	0	0	-1	-1
	0	0	0	0	0	0	-1	0	-1	0	0	0	0	0	0	0	0	1	1	1	0	-1	0	0	-1	0	0	-1	0	0	-1	0	0	-1	0	0	-1	0	0	-1	0	0	-1	0	0	-1	-1
grim_reaper	0	0	0	0	0	0	-1	0	1	0	0	0	0	0	0	0	0	1	1	1	1	1881	1	0	-1	0	0	-1	0	0	-1	0	0	-1	0	0	-1	0	0	-1	0	0	-1	0	0	-1	-1
common_monster	0	0	0	0	0	0	-1	0	3	1	0	0	2	0	0	0	0	1	1	1	2	3	20	2	75	40	0	-1	0	0	-1	0	0	-1	0	0	-1	0	0	-1	0	0	-1	0	0	-1	-1
no_normal	0	0	0	0	0	0	-1	0	2	0	0	0	0	0	0	0	0	1	1	1	4	0	0	0	-1	0	0	-1	0	0	-1	0	0	-1	0	0	-1	0	0	-1	0	0	-1	0	0	-1	-1
all_melee	0	0	0	0	0	0	-1	0	2	0	0	0	0	0	0	0	0	1	1	1	2	45	0	0	-1	0	0	-1	0	0	-1	0	0	-1	0	0	-1	0	0	-1	0	0	-1	0	0	-1	-1
high_quality	0	0	0	0	0	0	-1	0	2	0	0	0	0	0	0	0	0	1	1	1	4	2	120	0	-1	0	0	-1	0	0	-1	0	0	-1	0	0	-1	0	0	-1	0	0	-1	0	0	-1	-1
no_melee	0	0	0	0	0	0	-1	0	2	0	0	0	0	0	0	0	0	1	1	1	2	43	0	0	-1	0	0	-1	0	0	-1	0	0	-1	0	0	-1	0	0	-1	0	0	-1	0	0	-1	-1
orbile	0	0	0	0	0	0	-1	0	1	0	0	0	0	0	0	0	0	1	1	1	3	228	1	3	229	0	4	2	120	0	-1	0	0	-1	0	0	-1	0	0	-1	0	0	-1	0	0	-1	-1
test	0	0	0	0	0	0	-1	0	0	1	0	0	1	0	0	0	0	1	1	1	2	15	30	3	376	5	7	-1	65	0	-1	0	0	-1	0	0	-1	0	0	-1	0	0	-1	0	0	-1	-1
test2	0	0	0	0	0	0	-1	0	0	50	30	20	0	1	2	66	0	1	1	1	2	3	1	0	-1	0	0	-1	0	0	-1	0	0	-1	0	0	-1	0	0	-1	0	0	-1	0	0	-1	-1
test3	0	0	0	0	0	0	-1	0	1	0	0	0	0	0	0	0	0	1	1	1	2	3	4	3	238	1	0	-1	0	0	-1	0	0	-1	0	0	-1	0	0	-1	0	0	-1	0	0	-1	-1
test4	0	0	0	0	0	0	-1	0	1	0	0	0	0	0	0	0	0	1	1	1	3	228	4	3	238	1	0	-1	0	0	-1	0	0	-1	0	0	-1	0	0	-1	0	0	-1	0	0	-1	-1
one_rare	0	0	0	0	0	0	-1	0	1	0	0	0	0	0	0	0	0	1	1	1	2	3	1	4	2	0	0	-1	0	0	-1	0	0	-1	0	0	-1	0	0	-1	0	0	-1	0	0	-1	-1
no_rares	0	0	0	0	0	0	-1	0	2	0	0	0	0	0	0	0	0	1	1	1	0	-1	0	4	2	0	0	-1	0	0	-1	0	0	-1	0	0	-1	0	0	-1	0	0	-1	0	0	-1	-1
more_mods	0	0	0	0	0	0	-1	0	2	0	0	0	0	0	0	0	0	1	1	1	5	15	150	0	-1	0	0	-1	0	0	-1	0	0	-1	0	0	-1	0	0	-1	0	0	-1	0	0	-1	-1
test5	0	0	0	0	0	0	-1	0	1	0	0	0	0	0	0	75	"26,-2,0"	1	1	1	2	15	1	5	17	120	0	-1	0	0	-1	0	0	-1	0	0	-1	0	0	-1	0	0	-1	0	0	-1	-1
test6	0	0	0	0	0	0	-1	0	3	1	0	0	1	0	0	0	0	1	1	1	3	371	75	3	231	0	2	17	50	0	-1	0	0	-1	0	0	-1	0	0	-1	0	0	-1	0	0	-1	-1
test7	0	0	0	0	0	0	-1	0	1	1	0	0	1	0	0	0	0	1	1	1	2	17	1	0	-1	0	0	-1	0	0	-1	0	0	-1	0	0	-1	0	0	-1	0	0	-1	0	0	-1	-1
test8	0	0	0	0	0	0	-1	0	1	1	0	0	1	0	0	0	0	1	1	1	2	25	1	0	-1	0	0	-1	0	0	-1	0	0	-1	0	0	-1	0	0	-1	0	0	-1	0	0	-1	-1
test9	0	0	0	0	0	0	-1	0	1	1	0	0	1	0	0	0	0	1	1	1	2	17	1	0	-1	0	0	-1	0	0	-1	0	0	-1	0	0	-1	0	0	-1	0	0	-1	0	0	-1	-1
modules	0	0	0	0	0	0	-1	0	0	1	0	0	1	0	0	50	0	1	1	1	1	8	1	1	9	1	0	-1	0	0	-1	0	0	-1	0	0	-1	0	0	-1	0	0	-1	0	0	-1	-1
cheapmodules	0	0	0	0	0	0	-1	0	0	1	0	0	1	0	0	85	0	1	1	1	1	8	1	1	9	1	0	-1	0	0	-1	0	0	-1	0	0	-1	0	0	-1	0	0	-1	0	0	-1	-1
knightshin	0	0	0	0	0	0	-1	0	1	1	0	0	1	0	0	0	0	0	1	0	1	843	1	1	716	1	0	-1	0	0	-1	0	0	-1	0	0	-1	0	0	-1	0	0	-1	0	0	-1	-1
squire	0	0	0	0	0	0	-1	0	1	1	0	0	1	0	0	0	0	0	1	0	3	51	1	0	-1	0	0	-1	0	0	-1	0	0	-1	0	0	-1	0	0	-1	0	0	-1	0	0	-1	-1
treasure_room	0	0	0	0	0	0	-1	0	0	1	0	0	1	0	0	0	0	1	1	1	4	0	1	3	371	10	2	15	2	3	376	16	0	-1	0	0	-1	0	0	-1	0	0	-1	0	0	-1	-1
altair_guard	0	0	0	0	0	0	-1	0	1	0	0	0	0	0	0	0	0	0	1	0	1	710	1	1	533	1	0	-1	0	0	-1	0	0	-1	0	0	-1	0	0	-1	0	0	-1	0	0	-1	-1
lann_guard	0	0	0	0	0	0	-1	0	1	0	0	0	0	0	0	0	0	0	1	0	1	704	1	1	632	1	0	-1	0	0	-1	0	0	-1	0	0	-1	0	0	-1	0	0	-1	0	0	-1	-1
aeron_altair_equip	0	0	0	0	0	0	-1	0	1	0	0	0	0	0	0	0	0	0	1	0	1	719	1	1	535	1	0	-1	0	0	-1	0	0	-1	0	0	-1	0	0	-1	0	0	-1	0	0	-1	-1
brandon_lann_equip	0	0	0	0	0	0	-1	0	1	0	0	0	0	0	0	0	0	0	1	0	1	704	1	1	632	1	0	-1	0	0	-1	0	0	-1	0	0	-1	0	0	-1	0	0	-1	0	0	-1	-1
tol_troop	0	0	0	0	0	0	-1	0	1	0	0	0	0	0	0	0	0	0	1	0	3	51	1	2	40	1	0	-1	0	0	-1	0	0	-1	0	0	-1	0	0	-1	0	0	-1	0	0	-1	-1
lightning	0	0	0	0	0	0	-1	0	1	0	0	0	0	0	0	0	0	0	1	0	1	365	1	1	365	1	0	-1	0	0	-1	0	0	-1	0	0	-1	0	0	-1	0	0	-1	0	0	-1	-1
guardian	0	0	0	0	0	0	-1	0	1	1	0	0	1	0	0	0	0	1	1	1	3	22	1	3	275	1	3	266	1	1	689	1	1	464	1	0	-1	0	0	-1	0	0	-1	0	0	-1	-1
blademaster	0	0	0	0	0	0	-1	0	1	1	0	0	1	0	0	0	0	1	1	1	3	22	1	3	276	1	3	267	1	1	688	1	1	464	1	0	-1	0	0	-1	0	0	-1	0	0	-1	-1
	0	0	0	0	0	0	-1	0	-1	0	0	0	0	0	0	0	0	1	1	1	0	-1	0	0	-1	0	0	-1	0	0	-1	0	0	-1	0	0	-1	0	0	-1	0	0	-1	0	0	-1	-1
	0	0	0	0	0	0	-1	0	-1	0	0	0	0	0	0	0	0	1	1	1	0	-1	0	0	-1	0	0	-1	0	0	-1	0	0	-1	0	0	-1	0	0	-1	0	0	-1	0	0	-1	-1
engineer	0	0	0	0	0	0	-1	0	1	1	0	0	1	0	0	0	0	1	1	1	3	22	1	3	277	1	3	270	1	0	-1	0	0	-1	0	0	-1	0	0	-1	0	0	-1	0	0	-1	-1
marksman	0	0	0	0	0	0	-1	0	1	1	0	0	1	0	0	0	0	1	1	1	3	22	1	3	278	1	3	271	1	0	-1	0	0	-1	0	0	-1	0	0	-1	0	0	-1	0	0	-1	-1
	0	0	0	0	0	0	-1	0	-1	0	0	0	0	0	0	0	0	1	1	1	0	-1	0	0	-1	0	0	-1	0	0	-1	0	0	-1	0	0	-1	0	0	-1	0	0	-1	0	0	-1	-1
evoker	0	0	0	0	0	0	-1	0	1	1	0	0	1	0	0	0	0	1	1	1	3	22	1	3	279	1	3	273	1	0	-1	0	0	-1	0	0	-1	0	0	-1	0	0	-1	0	0	-1	-1
summoner	0	0	0	0	0	0	-1	0	1	1	0	0	1	0	0	0	0	1	1	1	3	22	1	3	280	1	3	274	1	0	-1	0	0	-1	0	0	-1	0	0	-1	0	0	-1	0	0	-1	-1
guardian_weapon	0	0	0	0	0	0	-1	0	0	1	0	0	1	0	0	0	0	1	1	1	1	593	1	0	-1	0	0	-1	0	0	-1	0	0	-1	0	0	-1	0	0	-1	0	0	-1	0	0	-1	-1
blademaster_weapon	0	0	0	0	0	0	-1	0	0	1	0	0	1	0	0	0	0	1	1	1	1	592	1	0	-1	0	0	-1	0	0	-1	0	0	-1	0	0	-1	0	0	-1	0	0	-1	0	0	-1	-1
	0	0	0	0	0	0	-1	0	-1	0	0	0	0	0	0	0	0	1	1	1	0	-1	0	0	-1	0	0	-1	0	0	-1	0	0	-1	0	0	-1	0	0	-1	0	0	-1	0	0	-1	-1
	0	0	0	0	0	0	-1	0	-1	0	0	0	0	0	0	0	0	1	1	1	0	-1	0	0	-1	0	0	-1	0	0	-1	0	0	-1	0	0	-1	0	0	-1	0	0	-1	0	0	-1	-1
engineer_weapon	0	0	0	0	0	0	-1	0	1	1	0	0	1	0	0	0	0	1	1	1	1	282	1	1	283	1	0	-1	0	0	-1	0	0	-1	0	0	-1	0	0	-1	0	0	-1	0	0	-1	-1
marksman_weapon	0	0	0	0	0	0	-1	0	0	1	0	0	1	0	0	0	0	1	1	1	1	332	1	0	-1	0	0	-1	0	0	-1	0	0	-1	0	0	-1	0	0	-1	0	0	-1	0	0	-1	-1
	0	0	0	0	0	0	-1	0	-1	0	0	0	0	0	0	0	0	1	1	1	0	-1	0	0	-1	0	0	-1	0	0	-1	0	0	-1	0	0	-1	0	0	-1	0	0	-1	0	0	-1	-1
evoker_weapon	0	0	0	0	0	0	-1	0	0	1	0	0	1	0	0	0	0	1	1	1	1	740	1	0	-1	0	0	-1	0	0	-1	0	0	-1	0	0	-1	0	0	-1	0	0	-1	0	0	-1	-1
summoner_weapon	0	0	0	0	0	0	-1	0	0	1	0	0	1	0	0	0	0	1	1	1	1	804	1	0	-1	0	0	-1	0	0	-1	0	0	-1	0	0	-1	0	0	-1	0	0	-1	0	0	-1	-1
guardian_armor	0	0	0	0	0	0	-1	0	0	1	0	0	1	0	0	0	0	1	1	1	3	281	1	0	-1	0	0	-1	0	0	-1	0	0	-1	0	0	-1	0	0	-1	0	0	-1	0	0	-1	-1
blademaster_armor	0	0	0	0	0	0	-1	0	0	1	0	0	1	0	0	0	0	1	1	1	3	281	1	0	-1	0	0	-1	0	0	-1	0	0	-1	0	0	-1	0	0	-1	0	0	-1	0	0	-1	-1
engineer_armor	0	0	0	0	0	0	-1	0	0	1	0	0	1	0	0	0	0	1	1	1	3	281	1	0	-1	0	0	-1	0	0	-1	0	0	-1	0	0	-1	0	0	-1	0	0	-1	0	0	-1	-1
marksman_armor	0	0	0	0	0	0	-1	0	0	1	0	0	1	0	0	0	0	1	1	1	3	281	1	0	-1	0	0	-1	0	0	-1	0	0	-1	0	0	-1	0	0	-1	0	0	-1	0	0	-1	-1
evoker_armor	0	0	0	0	0	0	-1	0	0	1	0	0	1	0	0	0	0	1	1	1	3	281	1	0	-1	0	0	-1	0	0	-1	0	0	-1	0	0	-1	0	0	-1	0	0	-1	0	0	-1	-1
summoner_armor	0	0	0	0	0	0	-1	0	0	1	0	0	1	0	0	0	0	1	1	1	3	281	1	0	-1	0	0	-1	0	0	-1	0	0	-1	0	0	-1	0	0	-1	0	0	-1	0	0	-1	-1
random_starter_clothes	0	0	0	0	0	0	-1	0	1	1	0	0	1	0	0	0	0	1	1	1	3	282	1	3	283	1	3	284	1	3	285	1	0	-1	0	0	-1	0	0	-1	0	0	-1	0	0	-1	-1
random_starter_torso	0	0	0	0	0	0	-1	0	0	1	0	0	1	0	0	0	0	1	1	1	1	1096	1	1	1092	1	1	1091	1	1	1102	1	0	-1	0	0	-1	0	0	-1	0	0	-1	0	0	-1	-1
random_starter_pants	0	0	0	0	0	0	-1	0	0	1	0	0	1	0	0	0	0	1	1	1	1	1097	1	1	1094	1	1	1090	1	1	1101	1	0	-1	0	0	-1	0	0	-1	0	0	-1	0	0	-1	-1
random_starter_belt	0	0	0	0	0	0	-1	0	0	1	0	0	1	0	0	0	0	1	1	1	1	1098	1	1	1093	1	1	1089	1	1	1100	1	0	-1	0	0	-1	0	0	-1	0	0	-1	0	0	-1	-1
random_starter_boots	0	0	0	0	0	0	-1	0	0	1	0	0	1	0	0	0	0	1	1	1	1	1099	1	0	-1	1	0	-1	0	0	-1	0	0	-1	0	0	-1	0	0	-1	0	0	-1	0	0	-1	-1
recipe_fuel	0	0	0	0	0	0	-1	0	1	1	0	0	1	0	0	0	"710,26,3,26,4,3,33,0"	0	1	1	2	55	1	4	10	1	4	9	1	0	-1	0	0	-1	0	0	-1	0	0	-1	0	0	-1	0	32	-1	-1
recipe_rocket	0	0	0	0	0	0	-1	0	1	1	0	0	1	0	0	0	"710,26,3,26,4,3,33,0"	0	1	1	2	54	1	4	10	1	4	9	1	0	-1	0	0	-1	0	0	-1	0	0	-1	0	0	-1	0	32	-1	-1
recipe_battery	0	0	0	0	0	0	-1	0	1	1	0	0	1	0	0	0	"710,26,3,26,4,3,33,0"	0	1	1	2	56	1	4	10	1	4	9	1	0	-1	0	0	-1	0	0	-1	0	0	-1	0	0	-1	0	32	-1	-1
recipe_ammo	0	0	0	0	0	0	-1	0	1	1	0	0	1	0	0	0	"710,26,3,26,4,3,33,0"	0	1	1	2	53	1	4	10	1	4	9	1	0	-1	0	0	-1	0	0	-1	0	0	-1	0	0	-1	0	32	-1	-1
recipe_relic	0	0	0	0	0	0	-1	0	1	1	0	0	1	0	0	0	"710,26,3,26,4,3,33,0"	0	1	1	2	57	1	4	10	1	4	9	1	0	-1	0	0	-1	0	0	-1	0	0	-1	0	0	-1	0	32	-1	-1
recipe_tech	0	0	0	0	0	0	-1	0	1	1	0	0	1	0	0	0	"710,26,3,26,4,3,33,0"	0	1	1	2	58	1	4	10	1	4	9	1	0	-1	0	0	-1	0	0	-1	0	0	-1	0	0	-1	0	32	-1	-1
recipe_sword	0	0	0	0	0	0	-1	0	1	1	0	0	1	0	0	0	"710,26,3,26,4,3,33,0"	0	1	1	2	44	1	4	0	1	4	5	1	4	4	1	0	-1	0	0	-1	0	0	-1	0	0	-1	0	32	-1	-1
recipe_1hgun	0	0	0	0	0	0	-1	0	1	1	0	0	1	0	0	0	"710,26,3,26,4,3,33,0"	0	1	1	2	47	1	4	0	1	4	5	1	4	4	1	0	-1	0	0	-1	0	0	-1	0	0	-1	0	32	-1	-1
recipe_2hgun	0	0	0	0	0	0	-1	0	1	1	0	0	1	0	0	0	"710,26,3,26,4,3,33,0"	0	1	1	2	48	1	4	0	1	4	5	1	4	4	1	0	-1	0	0	-1	0	0	-1	0	0	-1	0	32	-1	-1
recipe_belt	0	0	0	0	0	0	-1	0	1	1	0	0	1	0	0	0	"710,26,3,26,4,3,33,0"	0	1	1	2	29	1	4	0	1	4	5	1	4	4	1	0	-1	0	0	-1	0	0	-1	0	0	-1	0	32	-1	-1
recipe_gloves	0	0	0	0	0	0	-1	0	1	1	0	0	1	0	0	0	"710,26,3,26,4,3,33,0"	0	1	1	2	28	1	4	0	1	4	5	1	4	4	1	0	-1	0	0	-1	0	0	-1	0	0	-1	0	32	-1	-1
recipe_helm	0	0	0	0	0	0	-1	0	1	1	0	0	1	0	0	0	"710,26,3,26,4,3,33,0"	0	1	1	2	26	1	4	0	1	4	5	1	4	4	1	0	-1	0	0	-1	0	0	-1	0	0	-1	0	32	-1	-1
recipe_pants	0	0	0	0	0	0	-1	0	1	1	0	0	1	0	0	0	"710,26,3,26,4,3,33,0"	0	1	1	2	31	1	4	0	1	4	5	1	4	4	1	0	-1	0	0	-1	0	0	-1	0	0	-1	0	32	-1	-1
recipe_shoulders	0	0	0	0	0	0	-1	0	1	1	0	0	1	0	0	0	"710,26,3,26,4,3,33,0"	0	1	1	2	21	1	4	0	1	4	5	1	4	4	1	0	-1	0	0	-1	0	0	-1	0	0	-1	0	32	-1	-1
recipe_torso	0	0	0	0	0	0	-1	0	1	1	0	0	1	0	0	0	"710,26,3,26,4,3,33,0"	0	1	1	2	27	1	4	0	1	4	5	1	4	4	1	0	-1	0	0	-1	0	0	-1	0	0	-1	0	32	-1	-1
recipe_shield	0	0	0	0	0	0	-1	0	1	1	0	0	1	0	0	0	"710,26,3,26,4,3,33,0"	0	1	1	2	40	1	4	0	1	4	5	1	4	4	1	0	-1	0	0	-1	0	0	-1	0	0	-1	0	32	-1	-1
recipe_mod	0	0	0	0	0	0	-1	0	1	1	0	0	1	0	0	0	"710,26,3,26,4,3,33,0"	0	1	1	2	15	1	4	10	1	4	9	1	0	-1	0	0	-1	0	0	-1	0	0	-1	0	0	-1	0	32	-1	-1
recipe_focusitem	0	0	0	0	0	0	-1	0	1	1	0	0	1	0	0	0	"710,26,3,26,4,3,33,0"	0	1	1	2	95	1	4	0	1	4	5	1	4	4	1	0	-1	0	0	-1	0	0	-1	0	0	-1	0	32	-1	-1
recipe_boots	0	0	0	0	0	0	-1	0	1	1	0	0	1	0	0	0	"710,26,3,26,4,3,33,0"	0	1	1	2	30	1	4	0	1	4	5	1	4	4	1	0	-1	0	0	-1	0	0	-1	0	0	-1	0	32	-1	-1
t_sleestak	0	0	0	0	0	0	-1	0	0	1	0	0	1	0	0	0	0	100	1	2	1	1875	1	0	-1	0	0	-1	0	0	-1	0	0	-1	0	0	-1	0	0	-1	0	0	-1	0	0	-1	-1
t_fatbully	0	0	0	0	0	0	-1	0	0	1	0	0	1	0	0	0	0	100	1	3	1	111	1	0	-1	0	0	-1	0	0	-1	0	0	-1	0	0	-1	0	0	-1	0	0	-1	0	0	-1	-1
t_sumatranratmonkey	0	0	0	0	0	0	-1	0	0	1	0	0	1	0	0	0	0	100	1	3	1	1888	1	0	-1	0	0	-1	0	0	-1	0	0	-1	0	0	-1	0	0	-1	0	0	-1	0	0	-1	-1
t_bigben	0	0	0	0	0	0	-1	0	0	1	0	0	1	0	0	0	0	100	1	4	3	371	1	4	2	0	0	-1	0	0	-1	0	0	-1	0	0	-1	0	0	-1	0	0	-1	0	0	-1	-1
t_typhoid_mary	0	0	0	0	0	0	-1	0	0	1	0	0	1	0	0	0	0	100	1	3	2	15	1	4	2	0	0	-1	0	0	-1	0	0	-1	0	0	-1	0	0	-1	0	0	-1	0	0	-1	-1
t_fangsnort	0	0	0	0	0	0	-1	0	1	1	0	0	1	0	0	66	0	100	1	2	1	608	1	3	376	3	0	-1	0	0	-1	0	0	-1	0	0	-1	0	0	-1	0	0	-1	0	0	-1	-1
t_bagobones	0	0	0	0	0	0	-1	0	0	1	0	0	1	0	0	0	0	100	1	5	2	26	1	4	2	0	0	-1	0	0	-1	0	0	-1	0	0	-1	0	0	-1	0	0	-1	0	0	-1	-1
t_emberfreak	0	0	0	0	0	0	-1	0	0	1	0	0	1	0	0	66	0	100	1	1	1	333	1	0	-1	0	0	-1	0	0	-1	0	0	-1	0	0	-1	0	0	-1	0	0	-1	0	0	-1	-1
t_themindripper	0	0	0	0	0	0	-1	0	0	1	0	0	1	0	0	80	0	100	1	2	1	833	1	0	-1	0	0	-1	0	0	-1	0	0	-1	0	0	-1	0	0	-1	0	0	-1	0	0	-1	-1
t_spikelord	0	0	0	0	0	0	-1	0	0	1	0	0	1	0	0	50	0	100	1	3	1	697	1	0	-1	0	0	-1	0	0	-1	0	0	-1	0	0	-1	0	0	-1	0	0	-1	0	0	-1	-1
t_minidynamo	0	0	0	0	0	0	-1	0	0	1	0	0	1	0	0	0	0	100	1	3	1	1894	1	0	-1	0	0	-1	0	0	-1	0	0	-1	0	0	-1	0	0	-1	0	0	-1	0	0	-1	-1
t_hallucination	0	0	0	0	0	0	-1	0	1	1	0	0	1	0	0	0	0	0	1	1	2	15	3	0	-1	0	0	-1	0	0	-1	0	0	-1	0	0	-1	0	0	-1	0	0	-1	0	0	-1	-1
t_thephantom	0	0	0	0	0	0	-1	0	0	1	0	0	1	0	0	66	0	100	1	2	2	21	1	4	3	0	0	-1	0	0	-1	0	0	-1	0	0	-1	0	0	-1	0	0	-1	0	0	-1	-1
t_tubbybastard	0	0	0	0	0	0	-1	0	0	1	0	0	1	0	0	66	0	100	1	3	1	588	1	0	-1	0	0	-1	0	0	-1	0	0	-1	0	0	-1	0	0	-1	0	0	-1	0	0	-1	-1
t_thesandman	0	0	0	0	0	0	-1	0	0	1	0	0	1	0	0	0	0	10	1	1	1	380	1	3	3	1	0	-1	0	0	-1	0	0	-1	0	0	-1	0	0	-1	0	0	-1	0	0	-1	-1
t_ladyvengeance	0	0	0	0	0	0	-1	0	0	1	0	0	1	0	0	33	0	100	1	4	1	803	1	0	-1	0	0	-1	0	0	-1	0	0	-1	0	0	-1	0	0	-1	0	0	-1	0	0	-1	-1
t_grimborax	0	0	0	0	0	0	-1	0	0	1	0	0	1	0	0	0	0	0	1	1	2	30	1	4	0	0	0	-1	0	0	-1	0	0	-1	0	0	-1	0	0	-1	0	0	-1	0	0	-1	-1
t_harrowwitch	0	0	0	0	0	0	-1	0	0	1	0	0	1	0	0	0	0	0	1	1	2	21	1	4	0	0	0	-1	0	0	-1	0	0	-1	0	0	-1	0	0	-1	0	0	-1	0	0	-1	-1
t_blobbo	0	0	0	0	0	0	-1	0	0	1	0	0	1	0	0	0	0	0	1	1	2	28	1	4	0	0	0	-1	0	0	-1	0	0	-1	0	0	-1	0	0	-1	0	0	-1	0	0	-1	-1
t_zeder	0	0	0	0	0	0	-1	0	0	1	0	0	1	0	0	0	0	100	1	8	2	27	1	4	0	0	0	-1	0	0	-1	0	0	-1	0	0	-1	0	0	-1	0	0	-1	0	0	-1	-1
cgstation_faction_vendor	0	0	0	0	0	0	-1	0	1	0	0	0	0	0	0	0	"26,1,0"	0	1	0	1	743	1	1	598	1	1	300	1	0	-1	0	0	-1	0	0	-1	0	0	-1	0	0	-1	0	0	-1	-1
boss_guaranteed	0	0	0	0	0	0	-1	0	1	0	0	0	0	0	0	0	"710,26,1,26,3,3,33,0"	0	1	0	3	371	1	3	376	1	4	0	0	4	1	0	4	5	0	0	-1	0	0	-1	0	0	-1	0	0	-1	-1
boss_random	0	0	0	0	0	0	-1	0	0	1	0	0	1	0	0	35	"710,26,1,26,4,3,33,0"	100	1	2	3	371	4	3	376	5	2	15	7	4	0	0	4	5	0	4	6	0	0	-1	0	0	-1	0	0	-1	-1
boss_shulgoth	0	0	0	0	0	0	-1	0	1	0	0	0	0	0	0	0	0	9999	1	8	3	329	1	3	326	1	3	327	2	0	-1	0	0	-1	0	0	-1	0	0	-1	0	0	-1	0	0	-1	-1
shulgoth_uniques	0	0	0	0	0	0	-1	0	0	1	0	0	1	0	0	55	0	0	1	0	1	292	1	1	601	1	1	813	1	0	-1	0	0	-1	0	0	-1	0	0	-1	0	0	-1	0	0	-1	-1
boss_master_fiend	0	0	0	0	0	0	-1	0	1	0	0	0	0	0	0	0	0	9999	1	8	3	331	1	3	326	1	3	327	2	0	-1	0	0	-1	0	0	-1	0	0	-1	0	0	-1	0	0	-1	-1
master_fiend_uniques	0	0	0	0	0	0	-1	0	0	1	0	0	1	0	0	55	0	0	1	0	1	344	1	1	604	1	1	745	1	0	-1	0	0	-1	0	0	-1	0	0	-1	0	0	-1	0	0	-1	-1
boss_brain	0	0	0	0	0	0	-1	0	1	0	0	0	0	0	0	0	0	9999	1	8	3	333	1	3	326	1	3	327	2	0	-1	0	0	-1	0	0	-1	0	0	-1	0	0	-1	0	0	-1	-1
brain_uniques	0	0	0	0	0	0	-1	0	0	1	0	0	1	0	0	55	0	0	1	0	1	317	5	1	620	3	1	703	3	1	754	5	0	-1	0	0	-1	0	0	-1	0	0	-1	0	0	-1	-1
ultra314_armor_guaranteed	0	0	0	0	0	0	-1	0	0	1	0	0	1	0	0	0	"710,26,3,26,5,3,33,0"	0	1	0	2	17	1	4	0	0	4	1	0	4	5	0	0	-1	0	0	-1	0	0	-1	0	0	-1	0	4	-1	-1
boss_ultra314_templar	0	0	0	0	0	0	-1	0	1	0	0	0	0	0	0	0	0	9999	1	3	3	336	1	3	334	1	3	327	1	0	-1	0	0	-1	0	0	-1	0	0	-1	0	0	-1	0	0	-1	-1
ultra314_templar_weapons	0	0	0	0	0	0	-1	0	0	1	0	0	1	0	0	0	0	0	1	0	3	337	3	3	340	2	0	-1	0	0	-1	0	0	-1	0	0	-1	0	0	-1	0	0	-1	0	0	-1	-1
ultra314_templar_swords	0	0	0	0	0	0	-1	0	0	1	0	0	1	0	0	0	0	0	1	0	3	338	1	3	339	4	0	-1	0	0	-1	0	0	-1	0	0	-1	0	0	-1	0	0	-1	0	0	-1	-1
ultra314_templar_sword_unique	0	0	0	0	0	0	-1	0	0	1	0	0	1	0	0	0	0	0	1	0	1	628	1	0	-1	0	0	-1	0	0	-1	0	0	-1	0	0	-1	0	0	-1	0	0	-1	0	0	-1	-1
ultra314_templar_sword_good	0	0	0	0	0	0	-1	0	0	1	0	0	1	0	0	0	"710,26,1,26,3,3,33,0"	0	1	0	1	626	1	4	0	0	4	1	0	4	5	0	0	-1	0	0	-1	0	0	-1	0	0	-1	0	0	-1	-1
ultra314_templar_shields	0	0	0	0	0	0	-1	0	0	1	0	0	1	0	0	0	0	0	1	0	3	341	1	3	342	4	0	-1	0	0	-1	0	0	-1	0	0	-1	0	0	-1	0	0	-1	0	0	-1	-1
ultra314_templar_shield_unique	0	0	0	0	0	0	-1	0	0	1	0	0	1	0	0	0	0	0	1	0	1	708	1	0	-1	0	0	-1	0	0	-1	0	0	-1	0	0	-1	0	0	-1	0	0	-1	0	0	-1	-1
ultra314_templar_shield_good	0	0	0	0	0	0	-1	0	0	1	0	0	1	0	0	0	"710,26,1,26,3,3,33,0"	0	1	0	1	707	3	4	0	0	4	1	0	4	5	0	0	-1	0	0	-1	0	0	-1	0	0	-1	0	0	-1	-1
boss_ultra314_hunter	0	0	0	0	0	0	-1	0	1	0	0	0	0	0	0	0	0	9999	1	3	3	344	1	3	334	1	3	327	1	0	-1	0	0	-1	0	0	-1	0	0	-1	0	0	-1	0	0	-1	-1
ultra314_hunter_weapons	0	0	0	0	0	0	-1	0	0	1	0	0	1	0	0	0	0	0	1	0	3	345	1	3	348	1	0	-1	0	0	-1	0	0	-1	0	0	-1	0	0	-1	0	0	-1	0	0	-1	-1
ultra314_hunter_1h_guns	0	0	0	0	0	0	-1	0	0	1	0	0	1	0	0	0	0	0	1	0	3	346	1	3	347	4	0	-1	0	0	-1	0	0	-1	0	0	-1	0	0	-1	0	0	-1	0	0	-1	-1
ultra314_hunter_1h_gun_unique	0	0	0	0	0	0	-1	0	0	1	0	0	1	0	0	0	0	0	1	0	1	286	1	0	-1	0	0	-1	0	0	-1	0	0	-1	0	0	-1	0	0	-1	0	0	-1	0	0	-1	-1
ultra314_hunter_1h_gun_good	0	0	0	0	0	0	-1	0	0	1	0	0	1	0	0	0	"710,26,1,26,3,3,33,0"	0	1	0	1	285	1	4	0	0	4	1	0	4	5	0	0	-1	0	0	-1	0	0	-1	0	0	-1	0	0	-1	-1
ultra314_hunter_2h_guns	0	0	0	0	0	0	-1	0	0	1	0	0	1	0	0	0	0	0	1	0	3	349	1	3	350	4	0	-1	0	0	-1	0	0	-1	0	0	-1	0	0	-1	0	0	-1	0	0	-1	-1
ultra314_hunter_2h_gun_unique	0	0	0	0	0	0	-1	0	0	1	0	0	1	0	0	0	0	0	1	0	1	432	1	0	-1	0	0	-1	0	0	-1	0	0	-1	0	0	-1	0	0	-1	0	0	-1	0	0	-1	-1
ultra314_hunter_2h_gun_good	0	0	0	0	0	0	-1	0	0	1	0	0	1	0	0	0	"710,26,1,26,3,3,33,0"	0	1	0	1	430	1	4	0	0	4	1	0	4	5	0	0	-1	0	0	-1	0	0	-1	0	0	-1	0	0	-1	-1
boss_ultra314_cabalist	0	0	0	0	0	0	-1	0	1	0	0	0	0	0	0	0	0	9999	1	3	3	352	1	3	334	1	3	327	1	0	-1	0	0	-1	0	0	-1	0	0	-1	0	0	-1	0	0	-1	-1
ultra314_cabalist_weapons	0	0	0	0	0	0	-1	0	0	1	0	0	1	0	0	0	0	0	1	0	3	353	1	3	356	1	0	-1	0	0	-1	0	0	-1	0	0	-1	0	0	-1	0	0	-1	0	0	-1	-1
ultra314_cabalist_guns	0	0	0	0	0	0	-1	0	0	1	0	0	1	0	0	0	0	0	1	0	3	354	1	3	355	4	0	-1	0	0	-1	0	0	-1	0	0	-1	0	0	-1	0	0	-1	0	0	-1	-1
ultra314_cabalist_gun_unique	0	0	0	0	0	0	-1	0	0	1	0	0	1	0	0	0	0	0	1	0	1	822	1	0	-1	0	0	-1	0	0	-1	0	0	-1	0	0	-1	0	0	-1	0	0	-1	0	0	-1	-1
ultra314_cabalist_gun_good	0	0	0	0	0	0	-1	0	0	1	0	0	1	0	0	0	"710,26,1,26,3,3,33,0"	0	1	0	1	821	1	4	0	0	4	1	0	4	5	0	0	-1	0	0	-1	0	0	-1	0	0	-1	0	0	-1	-1
ultra314_cabalist_focus	0	0	0	0	0	0	-1	0	0	1	0	0	1	0	0	0	0	0	1	0	3	357	1	3	358	4	0	-1	0	0	-1	0	0	-1	0	0	-1	0	0	-1	0	0	-1	0	0	-1	-1
ultra314_cabalist_focus_unique	0	0	0	0	0	0	-1	0	0	1	0	0	1	0	0	0	0	0	1	0	1	758	1	0	-1	0	0	-1	0	0	-1	0	0	-1	0	0	-1	0	0	-1	0	0	-1	0	0	-1	-1
ultra314_cabalist_focus_good	0	0	0	0	0	0	-1	0	0	1	0	0	1	0	0	0	"710,26,1,26,3,3,33,0"	0	1	0	1	757	1	4	0	0	4	1	0	4	5	0	0	-1	0	0	-1	0	0	-1	0	0	-1	0	0	-1	-1
boss_wurm	0	0	0	0	0	0	-1	0	1	0	0	0	0	0	0	0	0	9999	1	8	3	360	1	3	326	1	3	327	3	0	-1	0	0	-1	0	0	-1	0	0	-1	0	0	-1	0	0	-1	-1
wurm_uniques	0	0	0	0	0	0	-1	0	0	1	0	0	1	0	0	55	0	0	1	0	1	437	1	1	637	1	1	836	1	0	-1	0	0	-1	0	0	-1	0	0	-1	0	0	-1	0	0	-1	-1
boss_spectralboss	0	0	0	0	0	0	-1	0	1	0	0	0	0	0	0	0	0	9999	1	8	3	362	1	3	326	1	3	327	3	0	-1	0	0	-1	0	0	-1	0	0	-1	0	0	-1	0	0	-1	-1
spectralboss_uniques	0	0	0	0	0	0	-1	0	0	1	0	0	1	0	0	55	0	0	1	0	1	336	1	1	469	1	1	760	1	0	-1	0	0	-1	0	0	-1	0	0	-1	0	0	-1	0	0	-1	-1
boss_beastabbadon	0	0	0	0	0	0	-1	0	1	0	0	0	0	0	0	0	0	9999	1	8	3	364	1	3	326	1	3	327	3	0	-1	0	0	-1	0	0	-1	0	0	-1	0	0	-1	0	0	-1	-1
beastabbadon_uniques	0	0	0	0	0	0	-1	0	0	1	0	0	1	0	0	55	0	0	1	0	1	355	1	1	657	1	1	799	1	0	-1	0	0	-1	0	0	-1	0	0	-1	0	0	-1	0	0	-1	-1
boss_reaperboss	0	0	0	0	0	0	-1	0	1	0	0	0	0	0	0	0	0	9999	1	6	3	366	1	3	327	7	0	-1	0	0	-1	0	0	-1	0	0	-1	0	0	-1	0	0	-1	0	0	-1	-1
reaperboss_uniques	0	0	0	0	0	0	-1	0	0	1	0	0	1	0	0	55	0	0	1	0	1	425	3	1	661	3	1	768	4	0	-1	0	0	-1	0	0	-1	0	0	-1	0	0	-1	0	0	-1	-1
boss_sydonai	0	0	0	0	0	0	-1	0	1	0	0	0	0	0	0	0	0	9999	1	8	3	368	1	3	369	1	3	326	2	3	327	2	0	-1	0	0	-1	0	0	-1	0	0	-1	0	0	-1	-1
sydonai_unique_weapons	0	0	0	0	0	0	-1	0	0	1	0	0	1	0	0	55	0	0	1	0	1	401	1	1	678	1	1	858	1	0	-1	0	0	-1	0	0	-1	0	0	-1	0	0	-1	0	0	-1	-1
sydonai_unique_armors	0	0	0	0	0	0	-1	0	0	1	0	0	1	0	0	55	0	0	1	0	1	1516	1	1	1723	1	1	1194	1	0	-1	0	0	-1	0	0	-1	0	0	-1	0	0	-1	0	0	-1	-1
mod	0	0	0	0	0	0	-1	0	0	1	0	0	1	0	0	0	0	0	1	0	2	53	1	2	54	1	2	56	1	2	55	1	2	58	1	2	57	1	0	-1	0	0	-1	0	0	-1	-1
weapon	0	0	0	0	0	0	-1	0	0	1	0	0	1	0	0	0	0	0	1	0	3	372	6	3	373	6	3	374	6	3	375	14	0	-1	0	0	-1	0	0	-1	0	0	-1	0	0	-1	-1
templar_weapon	0	0	0	0	0	0	-1	0	0	1	0	0	1	0	0	0	0	0	1	0	2	44	3	2	40	1	2	317	2	0	-1	0	0	-1	0	0	-1	0	0	-1	0	0	-1	0	0	-1	-1
hunter_weapon	0	0	0	0	0	0	-1	0	0	1	0	0	1	0	0	0	0	0	1	0	2	319	4	2	320	3	0	-1	0	0	-1	0	0	-1	0	0	-1	0	0	-1	0	0	-1	0	0	-1	-1
cabalist_weapon	0	0	0	0	0	0	-1	0	0	1	0	0	1	0	0	0	0	0	1	0	2	321	3	2	322	4	2	95	3	0	-1	0	0	-1	0	0	-1	0	0	-1	0	0	-1	0	0	-1	-1
specific_weapon	0	0	0	0	0	0	-1	0	0	1	0	0	1	0	0	0	0	0	1	0	2	16	1	0	-1	0	0	-1	0	0	-1	0	0	-1	0	0	-1	0	0	-1	0	0	-1	0	2	-1	-1
armor	0	0	0	0	0	0	-1	0	0	1	0	0	1	0	0	0	0	0	1	0	3	377	9	3	378	7	0	-1	0	0	-1	0	0	-1	0	0	-1	0	0	-1	0	0	-1	0	0	-1	-1
random_armor	0	0	0	0	0	0	-1	0	0	1	0	0	1	0	0	0	0	0	1	0	2	17	1	0	-1	0	0	-1	0	0	-1	0	0	-1	0	0	-1	0	0	-1	0	0	-1	0	0	-1	-1
specific_armor	0	0	0	0	0	0	-1	0	0	1	0	0	1	0	0	0	0	0	1	0	2	17	1	0	-1	0	0	-1	0	0	-1	0	0	-1	0	0	-1	0	0	-1	0	0	-1	0	2	-1	-1
sword	0	0	0	0	0	0	-1	0	0	1	0	0	1	0	0	0	0	0	1	0	2	44	1	0	-1	0	0	-1	0	0	-1	0	0	-1	0	0	-1	0	0	-1	0	0	-1	0	0	-1	-1
shield	0	0	0	0	0	0	-1	0	0	1	0	0	1	0	0	0	0	0	1	0	2	40	1	0	-1	0	0	-1	0	0	-1	0	0	-1	0	0	-1	0	0	-1	0	0	-1	0	0	-1	-1
templar_gun1h	0	0	0	0	0	0	-1	0	0	1	0	0	1	0	0	0	0	0	1	0	2	317	1	0	-1	0	0	-1	0	0	-1	0	0	-1	0	0	-1	0	0	-1	0	0	-1	0	0	-1	-1
hunter_gun1h	0	0	0	0	0	0	-1	0	0	1	0	0	1	0	0	0	0	0	1	0	2	319	1	0	-1	0	0	-1	0	0	-1	0	0	-1	0	0	-1	0	0	-1	0	0	-1	0	0	-1	-1
hunter_gun2h	0	0	0	0	0	0	-1	0	0	1	0	0	1	0	0	0	0	0	1	0	2	320	1	0	-1	0	0	-1	0	0	-1	0	0	-1	0	0	-1	0	0	-1	0	0	-1	0	0	-1	-1
cabalist_gun1h	0	0	0	0	0	0	-1	0	0	1	0	0	1	0	0	0	0	0	1	0	2	321	1	0	-1	0	0	-1	0	0	-1	0	0	-1	0	0	-1	0	0	-1	0	0	-1	0	0	-1	-1
cabalist_gun2h	0	0	0	0	0	0	-1	0	0	1	0	0	1	0	0	0	0	0	1	0	2	322	1	0	-1	0	0	-1	0	0	-1	0	0	-1	0	0	-1	0	0	-1	0	0	-1	0	0	-1	-1
cabalist_focus	0	0	0	0	0	0	-1	0	0	1	0	0	1	0	0	0	0	0	1	0	2	95	1	0	-1	0	0	-1	0	0	-1	0	0	-1	0	0	-1	0	0	-1	0	0	-1	0	0	-1	-1
unidentified_loot	0	0	0	0	0	0	-1	0	1	1	0	0	1	0	0	0	0	0	1	0	1	279	1	1	800	1	1	520	1	4	0	0	4	2	0	4	3	0	4	5	0	0	-1	0	0	-1	-1
questreward_uncommon_helm	0	0	0	0	0	0	-1	0	1	1	0	0	1	0	0	0	0	0	1	0	2	342	1	2	356	1	2	349	1	4	1	0	0	-1	0	0	-1	0	0	-1	0	0	-1	0	0	-1	-1
questreward_uncommon_shoulderpads	0	0	0	0	0	0	-1	0	1	1	0	0	1	0	0	0	0	0	1	0	2	343	1	2	357	1	2	350	1	4	1	0	0	-1	0	0	-1	0	0	-1	0	0	-1	0	0	-1	-1
questreward_uncommon_torso	0	0	0	0	0	0	-1	0	1	1	0	0	1	0	0	0	0	0	1	0	2	344	1	2	358	1	2	351	1	4	1	0	0	-1	0	0	-1	0	0	-1	0	0	-1	0	0	-1	-1
questreward_uncommon_arms	0	0	0	0	0	0	-1	0	1	1	0	0	1	0	0	0	0	0	1	0	2	345	1	2	359	1	2	352	1	4	1	0	0	-1	0	0	-1	0	0	-1	0	0	-1	0	0	-1	-1
questreward_uncommon_belt	0	0	0	0	0	0	-1	0	1	1	0	0	1	0	0	0	0	0	1	0	2	346	1	2	360	1	2	353	1	4	1	0	0	-1	0	0	-1	0	0	-1	0	0	-1	0	0	-1	-1
questreward_uncommon_legarmor	0	0	0	0	0	0	-1	0	1	1	0	0	1	0	0	0	0	0	1	0	2	347	1	2	361	1	2	354	1	4	1	0	0	-1	0	0	-1	0	0	-1	0	0	-1	0	0	-1	-1
questreward_uncommon_boots	0	0	0	0	0	0	-1	0	1	1	0	0	1	0	0	0	0	0	1	0	2	348	1	2	362	1	2	355	1	4	1	0	0	-1	0	0	-1	0	0	-1	0	0	-1	0	0	-1	-1
questreward_uncommon_weapon	0	0	0	0	0	0	-1	0	1	1	0	0	1	0	0	0	0	0	1	0	2	314	1	2	315	1	2	316	1	4	1	0	0	-1	0	0	-1	0	0	-1	0	0	-1	0	0	-1	-1
questreward_uncommon_coreweapon	0	0	0	0	0	0	-1	0	1	1	0	0	1	0	0	0	0	0	1	0	2	44	1	2	95	1	2	320	1	4	1	0	0	-1	0	0	-1	0	0	-1	0	0	-1	0	0	-1	-1
questreward_uncommon_mod	0	0	0	0	0	0	-1	0	1	1	0	0	1	0	0	0	0	0	1	0	1	1884	1	1	1878	1	1	1874	1	1	1881	1	1	1887	1	1	1891	1	4	6	0	0	-1	0	0	-1	-1
questreward_rare_helm	0	0	0	0	0	0	-1	0	1	1	0	0	1	0	0	0	0	0	1	0	2	342	1	2	356	1	2	349	1	4	2	0	0	-1	0	0	-1	0	0	-1	0	0	-1	0	0	-1	-1
questreward_rare_shoulderpads	0	0	0	0	0	0	-1	0	1	1	0	0	1	0	0	0	0	0	1	0	2	343	1	2	357	1	2	350	1	4	2	0	0	-1	0	0	-1	0	0	-1	0	0	-1	0	0	-1	-1
questreward_rare_torso	0	0	0	0	0	0	-1	0	1	1	0	0	1	0	0	0	0	0	1	0	2	344	1	2	358	1	2	351	1	4	2	0	0	-1	0	0	-1	0	0	-1	0	0	-1	0	0	-1	-1
questreward_rare_arms	0	0	0	0	0	0	-1	0	1	1	0	0	1	0	0	0	0	0	1	0	2	345	1	2	359	1	2	352	1	4	2	0	0	-1	0	0	-1	0	0	-1	0	0	-1	0	0	-1	-1
questreward_rare_belt	0	0	0	0	0	0	-1	0	1	1	0	0	1	0	0	0	0	0	1	0	2	346	1	2	360	1	2	353	1	4	2	0	0	-1	0	0	-1	0	0	-1	0	0	-1	0	0	-1	-1
questreward_rare_legarmor	0	0	0	0	0	0	-1	0	1	1	0	0	1	0	0	0	0	0	1	0	2	347	1	2	361	1	2	354	1	4	2	0	0	-1	0	0	-1	0	0	-1	0	0	-1	0	0	-1	-1
questreward_rare_boots	0	0	0	0	0	0	-1	0	1	1	0	0	1	0	0	0	0	0	1	0	2	348	1	2	362	1	2	355	1	4	2	0	0	-1	0	0	-1	0	0	-1	0	0	-1	0	0	-1	-1
questreward_rare_weapon	0	0	0	0	0	0	-1	0	1	1	0	0	1	0	0	0	0	0	1	0	2	314	1	2	315	1	2	316	1	4	2	0	0	-1	0	0	-1	0	0	-1	0	0	-1	0	0	-1	-1
questreward_rare_coreweapon	0	0	0	0	0	0	-1	0	1	1	0	0	1	0	0	0	0	0	1	0	2	44	1	2	95	1	2	320	1	4	2	0	0	-1	0	0	-1	0	0	-1	0	0	-1	0	0	-1	-1
questreward_rare_mod	0	0	0	0	0	0	-1	0	1	1	0	0	1	0	0	0	0	0	1	0	1	1884	1	1	1878	1	1	1874	1	1	1881	1	1	1887	1	1	1891	1	4	7	0	0	-1	0	0	-1	-1
questreward_legendary_helm	0	0	0	0	0	0	-1	0	1	1	0	0	1	0	0	0	0	0	1	0	2	342	1	2	356	1	2	349	1	4	3	0	0	-1	0	0	-1	0	0	-1	0	0	-1	0	0	-1	-1
questreward_legendary_shoulderpads	0	0	0	0	0	0	-1	0	1	1	0	0	1	0	0	0	0	0	1	0	2	343	1	2	357	1	2	350	1	4	3	0	0	-1	0	0	-1	0	0	-1	0	0	-1	0	0	-1	-1
questreward_legendary_torso	0	0	0	0	0	0	-1	0	1	1	0	0	1	0	0	0	0	0	1	0	2	344	1	2	358	1	2	351	1	4	3	0	0	-1	0	0	-1	0	0	-1	0	0	-1	0	0	-1	-1
questreward_legendary_arms	0	0	0	0	0	0	-1	0	1	1	0	0	1	0	0	0	0	0	1	0	2	345	1	2	359	1	2	352	1	4	3	0	0	-1	0	0	-1	0	0	-1	0	0	-1	0	0	-1	-1
questreward_legendary_belt	0	0	0	0	0	0	-1	0	1	1	0	0	1	0	0	0	0	0	1	0	2	346	1	2	360	1	2	353	1	4	3	0	0	-1	0	0	-1	0	0	-1	0	0	-1	0	0	-1	-1
questreward_legendary_legarmor	0	0	0	0	0	0	-1	0	1	1	0	0	1	0	0	0	0	0	1	0	2	347	1	2	361	1	2	354	1	4	3	0	0	-1	0	0	-1	0	0	-1	0	0	-1	0	0	-1	-1
questreward_legendary_boots	0	0	0	0	0	0	-1	0	1	1	0	0	1	0	0	0	0	0	1	0	2	348	1	2	362	1	2	355	1	4	3	0	0	-1	0	0	-1	0	0	-1	0	0	-1	0	0	-1	-1
questreward_legendary_weapon	0	0	0	0	0	0	-1	0	1	1	0	0	1	0	0	0	0	0	1	0	2	314	1	2	315	1	2	316	1	4	3	0	0	-1	0	0	-1	0	0	-1	0	0	-1	0	0	-1	-1
questreward_legendary_coreweapon	0	0	0	0	0	0	-1	0	1	1	0	0	1	0	0	0	0	0	1	0	2	44	1	2	95	1	2	320	1	4	3	0	0	-1	0	0	-1	0	0	-1	0	0	-1	0	0	-1	-1
questreward_legendary_mod	0	0	0	0	0	0	-1	0	1	1	0	0	1	0	0	0	0	0	1	0	1	1884	1	1	1878	1	1	1874	1	1	1881	1	1	1887	1	1	1891	1	4	8	0	0	-1	0	0	-1	-1
questreward_questpatsyprotectorreward	0	0	0	0	0	0	-1	0	1	1	0	0	1	0	0	0	0	0	1	0	1	122	1	0	-1	0	0	-1	0	0	-1	0	0	-1	0	0	-1	0	0	-1	0	0	-1	0	0	-1	-1
questreward_questwalkintheparkreward	0	0	0	0	0	0	-1	0	1	1	0	0	1	0	0	0	0	0	1	0	1	131	1	0	-1	0	0	-1	0	0	-1	0	0	-1	0	0	-1	0	0	-1	0	0	-1	0	0	-1	-1
questreward_questdeadpoolreward	0	0	0	0	0	0	-1	0	1	1	0	0	1	0	0	0	0	0	1	0	1	123	1	0	-1	0	0	-1	0	0	-1	0	0	-1	0	0	-1	0	0	-1	0	0	-1	0	0	-1	-1
recipe_zombo_pet	0	0	0	0	0	0	-1	0	1	1	0	0	1	0	0	0	0	0	1	1	1	182	1	0	-1	0	0	-1	0	0	-1	0	0	-1	0	0	-1	0	0	-1	0	0	-1	0	0	-1	-1
questreward_tricked	0	0	0	0	0	0	-1	0	0	1	0	0	1	0	0	0	0	0	1	0	1	185	3	1	187	6	1	186	9	1	194	12	1	193	15	1	192	18	0	-1	0	0	-1	0	128	-1	-1
questreward_treats	0	0	0	0	0	0	-1	0	0	1	0	0	1	0	0	0	0	0	1	0	1	191	1	1	185	3	1	187	6	1	186	9	1	194	12	1	193	15	1	192	18	2	130	36	128	-1	-1
halloween	0	0	0	0	0	0	-1	0	0	1	0	0	1	0	0	0	0	0	1	0	1	191	6	1	1072	1	1	195	37	1	188	36	1	189	2	1	190	14	0	-1	0	0	-1	0	136	-1	-1
fawkesday	0	0	0	0	0	0	0	0	0	1	0	0	1	0	0	0	0	0	1	0	3	450	100	3	451	100	3	448	100	1	1073	1	1	195	20	0	-1	0	0	-1	0	0	-1	0	8	-1	-1
recipe_fawkesday_parkin	0	0	0	0	0	0	0	0	1	0	0	0	0	0	0	0	0	0	1	0	1	213	1	0	-1	0	0	-1	0	0	-1	0	0	-1	0	0	-1	0	0	-1	0	0	-1	0	8	-1	-1
recipe_fawkesday_uncoveredplot	0	0	0	0	0	0	0	0	1	0	0	0	0	0	0	0	0	0	1	0	1	226	1	0	-1	0	0	-1	0	0	-1	0	0	-1	0	0	-1	0	0	-1	0	0	-1	0	8	-1	-1
recipe_fawkesday_toffee	0	0	0	0	0	0	0	0	1	0	0	0	0	0	0	0	0	0	1	0	1	214	1	0	-1	0	0	-1	0	0	-1	0	0	-1	0	0	-1	0	0	-1	0	0	-1	0	8	-1	-1
recipe_fawkesday_toffeeapple	0	0	0	0	0	0	0	0	1	0	0	0	0	0	0	0	0	0	1	0	1	215	1	0	-1	0	0	-1	0	0	-1	0	0	-1	0	0	-1	0	0	-1	0	0	-1	0	8	-1	-1
recipe_fawkesday_toffeepudding	0	0	0	0	0	0	0	0	1	0	0	0	0	0	0	0	0	0	1	0	1	224	1	0	-1	0	0	-1	0	0	-1	0	0	-1	0	0	-1	0	0	-1	0	0	-1	0	8	-1	-1
recipe_fawkesday_bakedpotato	0	0	0	0	0	0	0	0	1	0	0	0	0	0	0	0	0	0	1	0	1	216	1	0	-1	0	0	-1	0	0	-1	0	0	-1	0	0	-1	0	0	-1	0	0	-1	0	8	-1	-1
recipe_fawkesday_groatypudding	0	0	0	0	0	0	0	0	1	0	0	0	0	0	0	0	0	0	1	0	1	217	1	0	-1	0	0	-1	0	0	-1	0	0	-1	0	0	-1	0	0	-1	0	0	-1	0	8	-1	-1
recipe_fawkesday_steakkidneypie	0	0	0	0	0	0	0	0	1	0	0	0	0	0	0	0	0	0	1	0	1	218	1	0	-1	0	0	-1	0	0	-1	0	0	-1	0	0	-1	0	0	-1	0	0	-1	0	8	-1	-1
recipe_fawkesday_bloodpudding	0	0	0	0	0	0	0	0	1	0	0	0	0	0	0	0	0	0	1	0	1	219	1	0	-1	0	0	-1	0	0	-1	0	0	-1	0	0	-1	0	0	-1	0	0	-1	0	8	-1	-1
recipe_fawkesday_applecider	0	0	0	0	0	0	0	0	1	0	0	0	0	0	0	0	0	0	1	0	1	222	1	0	-1	0	0	-1	0	0	-1	0	0	-1	0	0	-1	0	0	-1	0	0	-1	0	8	-1	-1
recipe_fawkesday_ciderspecial	0	0	0	0	0	0	0	0	1	0	0	0	0	0	0	0	0	0	1	0	1	223	1	0	-1	0	0	-1	0	0	-1	0	0	-1	0	0	-1	0	0	-1	0	0	-1	0	8	-1	-1
recipe_fawkesday_grenade	0	0	0	0	0	0	0	0	1	0	0	0	0	0	0	0	0	0	1	0	1	196	10	0	-1	0	0	-1	0	0	-1	0	0	-1	0	0	-1	0	0	-1	0	0	-1	0	72	-1	-1
recipe_fawkesday_fawkesforcefive	0	0	0	0	0	0	0	0	1	0	0	0	0	0	0	0	0	0	1	0	1	234	1	0	-1	0	0	-1	0	0	-1	0	0	-1	0	0	-1	0	0	-1	0	0	-1	0	8	-1	-1
fawkesmonster_acheson	0	0	0	0	0	0	0	0	1	0	0	0	0	0	0	0	0	0	1	0	3	3	1	3	446	1	3	445	1	0	-1	0	0	-1	0	0	-1	0	0	-1	0	0	-1	0	8	-1	-1
fawkesmonster_brisance	0	0	0	0	0	0	0	0	1	0	0	0	0	0	0	0	0	0	1	0	1	197	1	1	212	1	3	3	1	0	-1	0	0	-1	0	0	-1	0	0	-1	0	0	-1	0	8	-1	-1
fawkesmonster_panclast	0	0	0	0	0	0	0	0	1	0	0	0	0	0	0	0	0	0	1	0	1	197	1	1	210	1	3	3	1	0	-1	0	0	-1	0	0	-1	0	0	-1	0	0	-1	0	8	-1	-1
fawkesmonster_effigy	0	0	0	0	0	0	0	0	1	0	0	0	0	0	0	0	0	0	1	0	1	198	1	3	3	1	0	-1	0	0	-1	0	0	-1	0	0	-1	0	0	-1	0	0	-1	0	8	-1	-1
fawkesmonster_sprengel	0	0	0	0	0	0	0	0	1	0	0	0	0	0	0	0	0	0	1	0	1	197	1	1	211	1	3	3	1	0	-1	0	0	-1	0	0	-1	0	0	-1	0	0	-1	0	8	-1	-1
fawkesday_consumables_com	0	0	0	0	0	0	0	0	0	1	0	0	1	0	0	0	0	0	1	0	1	205	10	1	208	10	1	209	5	1	220	1	1	221	1	1	206	5	0	-1	0	0	-1	0	8	-1	-1
fawkesday_consumables_rare	0	0	0	0	0	0	0	0	0	1	0	0	1	0	0	0	0	0	1	0	1	197	100	1	198	1	0	-1	0	0	-1	0	0	-1	0	0	-1	0	0	-1	0	0	-1	0	8	-1	-1
fawkesday_recipes_rare	0	0	0	0	0	0	0	0	0	1	0	0	1	0	0	0	0	0	1	0	1	231	1	1	232	1	1	227	1	1	229	1	1	239	1	0	-1	0	0	-1	0	0	-1	0	8	-1	-1
fawkesday_recipes_com	0	0	0	0	0	0	0	0	0	1	0	0	1	0	0	0	0	0	1	0	1	236	1	1	228	10	1	229	3	1	230	3	1	235	3	0	-1	0	0	-1	0	0	-1	0	8	-1	-1
fawkesday_components	0	0	0	0	0	0	0	0	0	1	0	0	1	0	0	0	0	0	1	0	1	195	100	1	199	1	1	200	1	1	201	1	1	203	10	0	-1	0	0	-1	0	0	-1	0	8	-1	-1
fawkesday_components_rare	0	0	0	0	0	0	0	0	0	1	0	0	1	0	0	0	0	0	1	0	1	210	1	1	211	1	1	212	1	0	-1	0	0	-1	0	0	-1	0	0	-1	0	0	-1	0	8	-1	-1
fawkesday_recipes	0	0	0	0	0	0	0	0	0	1	0	0	1	0	0	0	0	0	1	0	3	447	10	3	446	1	0	-1	0	0	-1	0	0	-1	0	0	-1	0	0	-1	0	0	-1	0	8	-1	-1
fawkesday_consumables	0	0	0	0	0	0	0	0	0	1	0	0	1	0	0	0	0	0	1	0	3	444	50	3	445	1	0	-1	0	0	-1	0	0	-1	0	0	-1	0	0	-1	0	0	-1	0	8	-1	-1
questreward_gfn1	0	0	0	0	0	0	0	0	1	0	0	0	0	0	0	0	0	0	1	0	3	445	1	3	446	1	0	-1	0	0	-1	0	0	-1	0	0	-1	0	0	-1	0	0	-1	0	8	-1	-1
questreward_gfn2	0	0	0	0	0	0	0	0	1	0	0	0	0	0	0	0	0	0	1	0	3	445	1	3	446	1	0	-1	0	0	-1	0	0	-1	0	0	-1	0	0	-1	0	0	-1	0	8	-1	-1
questreward_gfn3	0	0	0	0	0	0	0	0	1	0	0	0	0	0	0	0	0	0	1	0	1	233	1	3	446	1	3	445	1	0	-1	0	0	-1	0	0	-1	0	0	-1	0	0	-1	0	8	-1	-1
questreward_gfn4	0	0	0	0	0	0	0	0	1	0	0	0	0	0	0	0	0	0	1	0	3	445	1	3	446	1	0	-1	0	0	-1	0	0	-1	0	0	-1	0	0	-1	0	0	-1	0	8	-1	-1
quest_gfn2_tc	0	0	0	0	0	0	0	0	1	0	0	0	0	0	0	0	0	0	1	0	1	225	1	0	-1	0	0	-1	0	0	-1	0	0	-1	0	0	-1	0	0	-1	0	0	-1	0	8	-1	-1
fawkesday_vendor_goods	0	0	0	0	0	0	0	0	1	0	0	0	0	0	0	0	0	0	1	0	1	238	1	1	204	1	0	-1	0	0	-1	0	0	-1	0	0	-1	0	0	-1	0	0	-1	0	8	-1	-1
questcubereward	0	0	0	0	0	0	-1	0	1	0	0	0	0	0	0	0	0	0	1	0	1	241	1	0	-1	0	0	-1	0	0	-1	0	0	-1	0	0	-1	0	0	-1	0	0	-1	0	8	-1	-1
cube_result_test	0	0	0	0	0	0	-1	0	1	0	0	0	0	0	0	0	0	0	1	0	1	279	1	0	-1	0	0	-1	0	0	-1	0	0	-1	0	0	-1	0	0	-1	0	0	-1	0	8	-1	-1
cube_result_zombie_xmas	0	0	0	0	0	0	-1	0	1	0	0	0	0	0	0	0	0	0	1	0	1	245	1	0	-1	0	0	-1	0	0	-1	0	0	-1	0	0	-1	0	0	-1	0	0	-1	0	8	-1	-1
cube_result_medpack_large	0	0	0	0	0	0	-1	0	1	0	0	0	0	0	0	0	0	0	1	0	1	3	1	0	-1	0	0	-1	0	0	-1	0	0	-1	0	0	-1	0	0	-1	0	0	-1	0	8	-1	-1
cube_result_medpack3	0	0	0	0	0	0	-1	0	1	0	0	0	0	0	0	0	0	0	1	0	1	4	1	0	-1	0	0	-1	0	0	-1	0	0	-1	0	0	-1	0	0	-1	0	0	-1	0	72	-1	-1
cube_result_medpack4	0	0	0	0	0	0	-1	0	1	0	0	0	0	0	0	0	0	0	1	0	1	5	1	0	-1	0	0	-1	0	0	-1	0	0	-1	0	0	-1	0	0	-1	0	0	-1	0	72	-1	-1
cube_result_medpack5	0	0	0	0	0	0	-1	0	1	0	0	0	0	0	0	0	0	0	1	0	1	6	1	0	-1	0	0	-1	0	0	-1	0	0	-1	0	0	-1	0	0	-1	0	0	-1	0	72	-1	-1
cube_result_powerpack_large	0	0	0	0	0	0	-1	0	1	0	0	0	0	0	0	0	0	0	1	0	1	11	1	0	-1	0	0	-1	0	0	-1	0	0	-1	0	0	-1	0	0	-1	0	0	-1	0	8	-1	-1
cube_result_powerpack3	0	0	0	0	0	0	-1	0	1	0	0	0	0	0	0	0	0	0	1	0	1	12	1	0	-1	0	0	-1	0	0	-1	0	0	-1	0	0	-1	0	0	-1	0	0	-1	0	72	-1	-1
cube_result_powerpack4	0	0	0	0	0	0	-1	0	1	0	0	0	0	0	0	0	0	0	1	0	1	13	1	0	-1	0	0	-1	0	0	-1	0	0	-1	0	0	-1	0	0	-1	0	0	-1	0	72	-1	-1
cube_result_powerpack5	0	0	0	0	0	0	-1	0	1	0	0	0	0	0	0	0	0	0	1	0	1	14	1	0	-1	0	0	-1	0	0	-1	0	0	-1	0	0	-1	0	0	-1	0	0	-1	0	72	-1	-1
cube_result_townportal	0	0	0	0	0	0	-1	0	1	0	0	0	0	0	0	0	0	0	1	0	1	110	1	0	-1	0	0	-1	0	0	-1	0	0	-1	0	0	-1	0	0	-1	0	0	-1	0	8	-1	-1
cube_result_shield_capacitor_large	0	0	0	0	0	0	-1	0	1	0	0	0	0	0	0	0	0	0	1	0	1	81	1	0	-1	0	0	-1	0	0	-1	0	0	-1	0	0	-1	0	0	-1	0	0	-1	0	8	-1	-1
cube_result_shield_capacitor3	0	0	0	0	0	0	-1	0	1	0	0	0	0	0	0	0	0	0	1	0	1	82	1	0	-1	0	0	-1	0	0	-1	0	0	-1	0	0	-1	0	0	-1	0	0	-1	0	72	-1	-1
cube_result_shield_capacitor4	0	0	0	0	0	0	-1	0	1	0	0	0	0	0	0	0	0	0	1	0	1	83	1	0	-1	0	0	-1	0	0	-1	0	0	-1	0	0	-1	0	0	-1	0	0	-1	0	72	-1	-1
cube_result_shield_capacitor5	0	0	0	0	0	0	-1	0	1	0	0	0	0	0	0	0	0	0	1	0	1	84	1	0	-1	0	0	-1	0	0	-1	0	0	-1	0	0	-1	0	0	-1	0	0	-1	0	72	-1	-1
cube_result_antidote_injector_large	0	0	0	0	0	0	-1	0	1	0	0	0	0	0	0	0	0	0	1	0	1	86	1	0	-1	0	0	-1	0	0	-1	0	0	-1	0	0	-1	0	0	-1	0	0	-1	0	8	-1	-1
cube_result_antidote_injector3	0	0	0	0	0	0	-1	0	1	0	0	0	0	0	0	0	0	0	1	0	1	87	1	0	-1	0	0	-1	0	0	-1	0	0	-1	0	0	-1	0	0	-1	0	0	-1	0	72	-1	-1
cube_result_antidote_injector4	0	0	0	0	0	0	-1	0	1	0	0	0	0	0	0	0	0	0	1	0	1	88	1	0	-1	0	0	-1	0	0	-1	0	0	-1	0	0	-1	0	0	-1	0	0	-1	0	72	-1	-1
cube_result_antidote_injector5	0	0	0	0	0	0	-1	0	1	0	0	0	0	0	0	0	0	0	1	0	1	89	1	0	-1	0	0	-1	0	0	-1	0	0	-1	0	0	-1	0	0	-1	0	0	-1	0	72	-1	-1
cube_result_stabilizing_injector_large	0	0	0	0	0	0	-1	0	1	0	0	0	0	0	0	0	0	0	1	0	1	91	1	0	-1	0	0	-1	0	0	-1	0	0	-1	0	0	-1	0	0	-1	0	0	-1	0	8	-1	-1
cube_result_stabilizing_injector3	0	0	0	0	0	0	-1	0	1	0	0	0	0	0	0	0	0	0	1	0	1	92	1	0	-1	0	0	-1	0	0	-1	0	0	-1	0	0	-1	0	0	-1	0	0	-1	0	72	-1	-1
cube_result_stabilizing_injector4	0	0	0	0	0	0	-1	0	1	0	0	0	0	0	0	0	0	0	1	0	1	93	1	0	-1	0	0	-1	0	0	-1	0	0	-1	0	0	-1	0	0	-1	0	0	-1	0	72	-1	-1
cube_result_stabilizing_injector5	0	0	0	0	0	0	-1	0	1	0	0	0	0	0	0	0	0	0	1	0	1	94	1	0	-1	0	0	-1	0	0	-1	0	0	-1	0	0	-1	0	0	-1	0	0	-1	0	72	-1	-1
cube_result_fire_extinguisher_large	0	0	0	0	0	0	-1	0	1	0	0	0	0	0	0	0	0	0	1	0	1	96	1	0	-1	0	0	-1	0	0	-1	0	0	-1	0	0	-1	0	0	-1	0	0	-1	0	8	-1	-1
cube_result_fire_extinguisher3	0	0	0	0	0	0	-1	0	1	0	0	0	0	0	0	0	0	0	1	0	1	97	1	0	-1	0	0	-1	0	0	-1	0	0	-1	0	0	-1	0	0	-1	0	0	-1	0	72	-1	-1
cube_result_fire_extinguisher4	0	0	0	0	0	0	-1	0	1	0	0	0	0	0	0	0	0	0	1	0	1	98	1	0	-1	0	0	-1	0	0	-1	0	0	-1	0	0	-1	0	0	-1	0	0	-1	0	72	-1	-1
cube_result_fire_extinguisher5	0	0	0	0	0	0	-1	0	1	0	0	0	0	0	0	0	0	0	1	0	1	99	1	0	-1	0	0	-1	0	0	-1	0	0	-1	0	0	-1	0	0	-1	0	0	-1	0	72	-1	-1
cube_result_shunt_capacitor_large	0	0	0	0	0	0	-1	0	1	0	0	0	0	0	0	0	0	0	1	0	1	101	1	0	-1	0	0	-1	0	0	-1	0	0	-1	0	0	-1	0	0	-1	0	0	-1	0	8	-1	-1
cube_result_shunt_capacitor3	0	0	0	0	0	0	-1	0	1	0	0	0	0	0	0	0	0	0	1	0	1	102	1	0	-1	0	0	-1	0	0	-1	0	0	-1	0	0	-1	0	0	-1	0	0	-1	0	72	-1	-1
cube_result_shunt_capacitor4	0	0	0	0	0	0	-1	0	1	0	0	0	0	0	0	0	0	0	1	0	1	103	1	0	-1	0	0	-1	0	0	-1	0	0	-1	0	0	-1	0	0	-1	0	0	-1	0	72	-1	-1
cube_result_shunt_capacitor5	0	0	0	0	0	0	-1	0	1	0	0	0	0	0	0	0	0	0	1	0	1	104	1	0	-1	0	0	-1	0	0	-1	0	0	-1	0	0	-1	0	0	-1	0	0	-1	0	72	-1	-1
cube_result_gyro_stabilizer_large	0	0	0	0	0	0	-1	0	1	0	0	0	0	0	0	0	0	0	1	0	1	106	1	0	-1	0	0	-1	0	0	-1	0	0	-1	0	0	-1	0	0	-1	0	0	-1	0	8	-1	-1
cube_result_gyro_stabilizer3	0	0	0	0	0	0	-1	0	1	0	0	0	0	0	0	0	0	0	1	0	1	107	1	0	-1	0	0	-1	0	0	-1	0	0	-1	0	0	-1	0	0	-1	0	0	-1	0	72	-1	-1
cube_result_gyro_stabilizer4	0	0	0	0	0	0	-1	0	1	0	0	0	0	0	0	0	0	0	1	0	1	108	1	0	-1	0	0	-1	0	0	-1	0	0	-1	0	0	-1	0	0	-1	0	0	-1	0	72	-1	-1
cube_result_gyro_stabilizer5	0	0	0	0	0	0	-1	0	1	0	0	0	0	0	0	0	0	0	1	0	1	109	1	0	-1	0	0	-1	0	0	-1	0	0	-1	0	0	-1	0	0	-1	0	0	-1	0	72	-1	-1
cube_result_rejuvenation_small	0	0	0	0	0	0	-1	0	1	0	0	0	0	0	0	0	0	0	1	0	1	247	1	0	-1	0	0	-1	0	0	-1	0	0	-1	0	0	-1	0	0	-1	0	0	-1	0	8	-1	-1
cube_result_rejuvenation_large	0	0	0	0	0	0	-1	0	1	0	0	0	0	0	0	0	0	0	1	0	1	248	1	0	-1	0	0	-1	0	0	-1	0	0	-1	0	0	-1	0	0	-1	0	0	-1	0	72	-1	-1
cube_result_rejuvenation3	0	0	0	0	0	0	-1	0	1	0	0	0	0	0	0	0	0	0	1	0	1	249	1	0	-1	0	0	-1	0	0	-1	0	0	-1	0	0	-1	0	0	-1	0	0	-1	0	72	-1	-1
cube_result_rejuvenation4	0	0	0	0	0	0	-1	0	1	0	0	0	0	0	0	0	0	0	1	0	1	250	1	0	-1	0	0	-1	0	0	-1	0	0	-1	0	0	-1	0	0	-1	0	0	-1	0	72	-1	-1
cube_result_rejuvenation5	0	0	0	0	0	0	-1	0	1	0	0	0	0	0	0	0	0	0	1	0	1	251	1	0	-1	0	0	-1	0	0	-1	0	0	-1	0	0	-1	0	0	-1	0	0	-1	0	72	-1	-1
xmas	0	0	0	0	0	0	-1	0	1	0	0	0	0	0	0	0	0	0	1	0	1	1066	1	1	1068	1	1	1070	1	0	-1	0	0	-1	0	0	-1	0	0	-1	0	0	-1	0	136	-1	-1
quest_cube2_tc	0	0	0	0	0	0	2	0	1	0	0	0	0	0	0	0	0	0	1	0	1	246	1	0	-1	0	0	-1	0	0	-1	0	0	-1	0	0	-1	0	0	-1	0	0	-1	0	8	-1	-1
questreward_cube2	0	0	0	0	0	0	2	0	1	0	0	0	0	0	0	0	0	0	1	0	1	247	10	1	256	1	0	-1	0	0	-1	0	0	-1	0	0	-1	0	0	-1	0	0	-1	0	72	-1	-1
xmasmonster_kringolem	0	0	0	0	0	0	2	0	1	0	0	0	0	0	0	0	0	0	1	0	1	243	1	3	3	1	1	253	1	0	-1	0	0	-1	0	0	-1	0	0	-1	0	0	-1	0	8	-1	-1
xmasmonster_necrohohosis	0	0	0	0	0	0	2	0	1	0	0	0	0	0	0	0	0	0	1	0	1	242	1	3	3	1	1	252	1	0	-1	0	0	-1	0	0	-1	0	0	-1	0	0	-1	0	8	-1	-1
xmasmonster_krampus	0	0	0	0	0	0	2	0	1	0	0	0	0	0	0	0	0	0	1	0	1	244	1	3	3	1	1	255	1	1	254	1	0	-1	0	0	-1	0	0	-1	0	0	-1	0	8	-1	-1
cube_result_dye_black_knight	0	0	0	0	0	0	-1	0	1	0	0	0	0	0	0	0	0	0	1	0	1	1063	1	0	-1	0	0	-1	0	0	-1	0	0	-1	0	0	-1	0	0	-1	0	0	-1	0	72	-1	-1
cube_result_dye_blue_white_blue	0	0	0	0	0	0	-1	0	1	0	0	0	0	0	0	0	0	0	1	0	1	1064	1	0	-1	0	0	-1	0	0	-1	0	0	-1	0	0	-1	0	0	-1	0	0	-1	0	72	-1	-1
cube_result_dye_burgundy_dgrey_lgreen	0	0	0	0	0	0	-1	0	1	0	0	0	0	0	0	0	0	0	1	0	1	1065	1	0	-1	0	0	-1	0	0	-1	0	0	-1	0	0	-1	0	0	-1	0	0	-1	0	72	-1	-1
cube_result_dye_copper_white_lblue	0	0	0	0	0	0	-1	0	1	0	0	0	0	0	0	0	0	0	1	0	1	1067	1	0	-1	0	0	-1	0	0	-1	0	0	-1	0	0	-1	0	0	-1	0	0	-1	0	72	-1	-1
cube_result_dye_black_white_dorange	0	0	0	0	0	0	-1	0	1	0	0	0	0	0	0	0	0	0	1	0	1	1069	1	0	-1	0	0	-1	0	0	-1	0	0	-1	0	0	-1	0	0	-1	0	0	-1	0	72	-1	-1
	0	0	0	0	0	0	-1	0	-1	0	0	0	0	0	0	0	0	1	1	1	0	-1	0	0	-1	0	0	-1	0	0	-1	0	0	-1	0	0	-1	0	0	-1	0	0	-1	0	0	-1	-1
	0	0	0	0	0	0	-1	0	-1	0	0	0	0	0	0	0	0	1	1	1	0	-1	0	0	-1	0	0	-1	0	0	-1	0	0	-1	0	0	-1	0	0	-1	0	0	-1	0	0	-1	-1
	0	0	0	0	0	0	-1	0	-1	0	0	0	0	0	0	0	0	1	1	1	0	-1	0	0	-1	0	0	-1	0	0	-1	0	0	-1	0	0	-1	0	0	-1	0	0	-1	0	0	-1	-1
	0	0	0	0	0	0	-1	0	-1	0	0	0	0	0	0	0	0	1	1	1	0	-1	0	0	-1	0	0	-1	0	0	-1	0	0	-1	0	0	-1	0	0	-1	0	0	-1	0	0	-1	-1
	0	0	0	0	0	0	-1	0	-1	0	0	0	0	0	0	0	0	1	1	1	0	-1	0	0	-1	0	0	-1	0	0	-1	0	0	-1	0	0	-1	0	0	-1	0	0	-1	0	0	-1	-1
	0	0	0	0	0	0	-1	0	-1	0	0	0	0	0	0	0	0	1	1	1	0	-1	0	0	-1	0	0	-1	0	0	-1	0	0	-1	0	0	-1	0	0	-1	0	0	-1	0	0	-1	-1
	0	0	0	0	0	0	-1	0	-1	0	0	0	0	0	0	0	0	1	1	1	0	-1	0	0	-1	0	0	-1	0	0	-1	0	0	-1	0	0	-1	0	0	-1	0	0	-1	0	0	-1	-1
	0	0	0	0	0	0	-1	0	-1	0	0	0	0	0	0	0	0	1	1	1	0	-1	0	0	-1	0	0	-1	0	0	-1	0	0	-1	0	0	-1	0	0	-1	0	0	-1	0	0	-1	-1
defaultbossgreatthing	0	0	0	0	0	0	-1	0	0	1	0	0	1	0	0	0	0	0	1	0	4	0	1	4	1	1	4	2	1	3	371	2	3	376	3	0	-1	0	0	-1	0	0	-1	0	0	-1	-1
	0	0	0	0	0	0	-1	0	-1	0	0	0	0	0	0	0	0	1	1	1	0	-1	0	0	-1	0	0	-1	0	0	-1	0	0	-1	0	0	-1	0	0	-1	0	0	-1	0	0	-1	-1
	0	0	0	0	0	0	-1	0	-1	0	0	0	0	0	0	0	0	1	1	1	0	-1	0	0	-1	0	0	-1	0	0	-1	0	0	-1	0	0	-1	0	0	-1	0	0	-1	0	0	-1	-1
	0	0	0	0	0	0	-1	0	-1	0	0	0	0	0	0	0	0	1	1	1	0	-1	0	0	-1	0	0	-1	0	0	-1	0	0	-1	0	0	-1	0	0	-1	0	0	-1	0	0	-1	-1
rare_mob	0	0	0	0	0	0	-1	0	1	0	0	0	0	0	0	99.99	0	0	1	0	4	5	1	3	0	1	0	-1	0	0	-1	0	0	-1	0	0	-1	0	0	-1	0	0	-1	0	0	-1	-1
legendary_mob	0	0	0	0	0	0	-1	0	1	0	0	0	0	0	0	99.5	0	0	1	0	4	5	1	3	0	1	0	-1	0	0	-1	0	0	-1	0	0	-1	0	0	-1	0	0	-1	0	0	-1	-1
unique_mob	0	0	0	0	0	0	-1	0	1	0	0	0	0	0	0	99.2	0	0	1	0	4	5	1	3	0	1	0	-1	0	0	-1	0	0	-1	0	0	-1	0	0	-1	0	0	-1	0	0	-1	-1
	0	0	0	0	0	0	-1	0	-1	0	0	0	0	0	0	0	0	1	1	1	0	-1	0	0	-1	0	0	-1	0	0	-1	0	0	-1	0	0	-1	0	0	-1	0	0	-1	0	0	-1	-1
revival_test	0	0	0	0	0	0	-1	0	-1	0	0	0	0	0	0	0	0	1	1	1	3	530	1	0	-1	0	0	-1	0	0	-1	0	0	-1	0	0	-1	0	0	-1	0	0	-1	0	0	-1	-1
	0	0	0	0	0	0	-1	0	-1	0	0	0	0	0	0	0	0	1	1	1	0	-1	0	0	-1	0	0	-1	0	0	-1	0	0	-1	0	0	-1	0	0	-1	0	0	-1	0	0	-1	-1
revival_uniques01	0	0	0	0	0	0	-1	0	1	0	0	0	0	0	0	0	0	0	1	0	1	2	4	1	1798	1	1	1799	1	1	1800	1	1	1801	1	1	1802	1	1	1803	1	1	1804	1	0	-1	-1
revival_uniques02	0	0	0	0	0	0	-1	0	-1	0	0	0	0	0	0	0	0	1	1	1	0	-1	0	0	-1	0	0	-1	0	0	-1	0	0	-1	0	0	-1	0	0	-1	0	0	-1	0	0	-1	-1
	0	0	0	0	0	0	-1	0	-1	0	0	0	0	0	0	0	0	1	1	1	0	-1	0	0	-1	0	0	-1	0	0	-1	0	0	-1	0	0	-1	0	0	-1	0	0	-1	0	0	-1	-1
	0	0	0	0	0	0	-1	0	-1	0	0	0	0	0	0	0	0	1	1	1	0	-1	0	0	-1	0	0	-1	0	0	-1	0	0	-1	0	0	-1	0	0	-1	0	0	-1	0	0	-1	-1
	0	0	0	0	0	0	-1	0	-1	0	0	0	0	0	0	0	0	1	1	1	0	-1	0	0	-1	0	0	-1	0	0	-1	0	0	-1	0	0	-1	0	0	-1	0	0	-1	0	0	-1	-1
	0	0	0	0	0	0	-1	0	-1	0	0	0	0	0	0	0	0	1	1	1	0	-1	0	0	-1	0	0	-1	0	0	-1	0	0	-1	0	0	-1	0	0	-1	0	0	-1	0	0	-1	-1
moloch_drops	0	0	0	0	0	0	-1	0	1	0	0	0	0	0	0	0	0	1	1	1	3	7	1	3	535	1	3	536	1	1	537	1	0	-1	0	0	-1	0	0	-1	0	0	-1	0	0	-1	-1
moloch_helms	0	0	0	0	0	0	-1	0	1	1	0	0	0	0	0	0	0	1	1	1	1	2000	1	1	2004	1	1	2008	1	0	-1	0	0	-1	0	0	-1	0	0	-1	0	0	-1	0	0	-1	-1
moloch_dyekits	0	0	0	0	0	0	-1	0	1	1	0	0	0	0	0	0	0	1	1	1	1	1063	1	1	1064	1	1	1065	1	1	1066	1	1	1067	1	1	1068	1	1	1069	1	1	1070	1	0	-1	-1
moloch_retrainers	0	0	0	0	0	0	-1	0	1	1	0	0	0	0	0	0	0	1	1	1	1	1992	1	1	1993	1	0	-1	0	0	-1	0	0	-1	0	0	-1	0	0	-1	0	0	-1	0	0	-1	-1
	0	0	0	0	0	0	-1	0	-1	0	0	0	0	0	0	0	0	1	1	1	0	-1	0	0	-1	0	0	-1	0	0	-1	0	0	-1	0	0	-1	0	0	-1	0	0	-1	0	0	-1	-1
minigame_event_list	0	0	0	0	0	0	-1	0	-1	0	0	0	1	0	0	0	0	1	1	1	3	540	1	3	541	1	3	542	1	3	543	1	3	544	1	0	-1	0	0	-1	0	0	-1	0	0	-1	-1
minigame_explode_cash	0	0	0	0	0	0	-1	0	-1	0	0	0	0	0	0	0	0	100	1	10	0	-1	0	0	-1	0	0	-1	0	0	-1	0	0	-1	0	0	-1	0	0	-1	0	0	-1	0	0	-1	-1
minigame_explode_mods	0	0	0	0	0	0	-1	0	-1	0	0	0	0	0	0	0	0	0	1	0	2	15	10	0	-1	0	0	-1	0	0	-1	0	0	-1	0	0	-1	0	0	-1	0	0	-1	0	0	-1	-1
minigame_explode_powerups	0	0	0	0	0	0	-1	0	-1	0	0	0	0	0	0	0	0	0	1	0	2	35	50	0	-1	0	0	-1	0	0	-1	0	0	-1	0	0	-1	0	0	-1	0	0	-1	0	0	-1	-1
minigame_explode_weapons	0	0	0	0	0	0	-1	0	-1	0	0	0	0	0	0	0	0	0	1	0	3	371	10	0	-1	0	0	-1	0	0	-1	0	0	-1	0	0	-1	0	0	-1	0	0	-1	0	0	-1	-1
minigame_explode_fawkes	0	0	0	0	0	0	-1	0	-1	0	0	0	0	0	0	0	0	0	1	0	3	344	20	0	-1	0	0	-1	0	0	-1	0	0	-1	0	0	-1	0	0	-1	0	0	-1	0	0	-1	-1
minigame_explode_armor	0	0	0	0	0	0	-1	0	-1	0	0	0	0	0	0	0	0	0	1	0	3	376	10	0	-1	0	0	-1	0	0	-1	0	0	-1	0	0	-1	0	0	-1	0	0	-1	0	0	-1	-1
	0	0	0	0	0	0	-1	0	-1	0	0	0	0	0	0	0	0	0	1	0	0	-1	0	0	-1	0	0	-1	0	0	-1	0	0	-1	0	0	-1	0	0	-1	0	0	-1	0	0	-1	-1
sydonai_retrainers	0	0	0	0	0	0	-1	0	-1	0	0	0	0	0	0	0	0	0	1	0	1	1856	1	1	1857	1	0	-1	0	0	-1	0	0	-1	0	0	-1	0	0	-1	0	0	-1	0	0	-1	-1
purchasable_retrainers	0	0	0	0	0	0	-1	0	-1	0	0	0	0	0	0	0	0	0	1	0	1	1854	1	1	1855	1	0	-1	0	0	-1	0	0	-1	0	0	-1	0	0	-1	0	0	-1	0	0	-1	-1
	0	0	0	0	0	0	-1	0	-1	0	0	0	0	0	0	0	0	1	1	1	0	-1	0	0	-1	0	0	-1	0	0	-1	0	0	-1	0	0	-1	0	0	-1	0	0	-1	0	0	-1	-1
	0	0	0	0	0	0	-1	0	-1	0	0	0	0	0	0	0	0	1	1	1	0	-1	0	0	-1	0	0	-1	0	0	-1	0	0	-1	0	0	-1	0	0	-1	0	0	-1	0	0	-1	-1
	0	0	0	0	0	0	-1	0	-1	0	0	0	0	0	0	0	0	1	1	1	0	-1	0	0	-1	0	0	-1	0	0	-1	0	0	-1	0	0	-1	0	0	-1	0	0	-1	0	0	-1	-1
	0	0	0	0	0	0	-1	0	-1	0	0	0	0	0	0	0	0	1	1	1	0	-1	0	0	-1	0	0	-1	0	0	-1	0	0	-1	0	0	-1	0	0	-1	0	0	-1	0	0	-1	-1
	0	0	0	0	0	0	-1	0	-1	0	0	0	0	0	0	0	0	1	1	1	0	-1	0	0	-1	0	0	-1	0	0	-1	0	0	-1	0	0	-1	0	0	-1	0	0	-1	0	0	-1	-1
	0	0	0	0	0	0	-1	0	-1	0	0	0	0	0	0	0	0	1	1	1	0	-1	0	0	-1	0	0	-1	0	0	-1	0	0	-1	0	0	-1	0	0	-1	0	0	-1	0	0	-1	-1
	0	0	0	0	0	0	-1	0	-1	0	0	0	0	0	0	0	0	1	1	1	0	-1	0	0	-1	0	0	-1	0	0	-1	0	0	-1	0	0	-1	0	0	-1	0	0	-1	0	0	-1	-1
	0	0	0	0	0	0	-1	0	-1	0	0	0	0	0	0	0	0	1	1	1	0	-1	0	0	-1	0	0	-1	0	0	-1	0	0	-1	0	0	-1	0	0	-1	0	0	-1	0	0	-1	-1
