UNITTYPES	code	isA0	isA1	isA2	isA3	isA4	isA5	isA6	isA7	isA8	isA9	isA10	isA11	isA12	isA13	isA14	isA15	String	FinalData	
	12336	-1	-1	-1	-1	-1	-1	-1	-1	-1	-1	-1	-1	-1	-1	-1	-1	-1	"01,00,00,00,00,00,00,00,00,00,00,00,00,00,00,00,00"
any	12592	-1	-1	-1	-1	-1	-1	-1	-1	-1	-1	-1	-1	-1	-1	-1	-1	-1	"02,00,00,00,00,00,00,00,00,00,00,00,00,00,00,00,00"
object	12848	1	-1	-1	-1	-1	-1	-1	-1	-1	-1	-1	-1	-1	-1	-1	-1	-1	"06,00,00,00,00,00,00,00,00,00,00,00,00,00,00,00,00"
item	13104	1	-1	-1	-1	-1	-1	-1	-1	-1	-1	-1	-1	-1	-1	-1	-1	-1	"0A,00,00,00,00,00,00,00,00,00,00,00,00,00,00,00,00"
bigitem	13360	3	-1	-1	-1	-1	-1	-1	-1	-1	-1	-1	-1	-1	-1	-1	-1	-1	"1A,00,00,00,00,00,00,00,00,00,00,00,00,00,00,00,00"
smallitem	13616	3	-1	-1	-1	-1	-1	-1	-1	-1	-1	-1	-1	-1	-1	-1	-1	-1	"2A,00,00,00,00,00,00,00,00,00,00,00,00,00,00,00,00"
creature	13872	1	-1	-1	-1	-1	-1	-1	-1	-1	-1	-1	-1	-1	-1	-1	-1	-1	"42,00,00,00,00,00,00,00,00,00,00,00,00,00,00,00,00"
monster	14128	6	-1	-1	-1	-1	-1	-1	-1	-1	-1	-1	-1	-1	-1	-1	-1	-1	"C2,00,00,00,00,00,00,00,00,00,00,00,00,00,00,00,00"
missile	14384	1	-1	-1	-1	-1	-1	-1	-1	-1	-1	-1	-1	-1	-1	-1	-1	-1	"102,00,00,00,00,00,00,00,00,00,00,00,00,00,00,00,00"
player	14640	6	-1	-1	-1	-1	-1	-1	-1	-1	-1	-1	-1	-1	-1	-1	-1	-1	"242,00,00,00,00,00,00,00,00,00,00,00,00,00,00,00,00"
undead	16688	439	-1	-1	-1	-1	-1	-1	-1	-1	-1	-1	-1	-1	-1	-1	-1	479	"4C2,00,00,00,00,00,00,00,00,00,00,00,00,800000,00,00,00"
beast	16944	439	-1	-1	-1	-1	-1	-1	-1	-1	-1	-1	-1	-1	-1	-1	-1	480	"8C2,00,00,00,00,00,00,00,00,00,00,00,00,800000,00,00,00"
spectral	17200	439	-1	-1	-1	-1	-1	-1	-1	-1	-1	-1	-1	-1	-1	-1	-1	481	"10C2,00,00,00,00,00,00,00,00,00,00,00,00,800000,00,00,00"
demon	17456	439	-1	-1	-1	-1	-1	-1	-1	-1	-1	-1	-1	-1	-1	-1	-1	482	"20C2,00,00,00,00,00,00,00,00,00,00,00,00,800000,00,00,00"
humanoid	17712	6	-1	-1	-1	-1	-1	-1	-1	-1	-1	-1	-1	-1	-1	-1	-1	-1	"4042,00,00,00,00,00,00,00,00,00,00,00,00,00,00,00,00"
mod	17968	5	18	-1	-1	-1	-1	-1	-1	-1	-1	-1	-1	-1	-1	-1	-1	-1	"4802A,00,00,00,00,00,00,00,00,00,00,00,00,00,00,00,00"
weapon	18224	476	4	-1	-1	-1	-1	-1	-1	-1	-1	-1	-1	-1	-1	-1	-1	-1	"1001A,00,00,00,00,00,00,00,00,00,00,00,00,00,10000000,00,00"
armor	18480	476	4	-1	-1	-1	-1	-1	-1	-1	-1	-1	-1	-1	-1	-1	-1	-1	"2001A,00,00,00,00,00,00,00,00,00,00,00,00,00,10000000,00,00"
misc	18736	3	5	-1	-1	-1	-1	-1	-1	-1	-1	-1	-1	-1	-1	-1	-1	-1	"4002A,00,00,00,00,00,00,00,00,00,00,00,00,00,00,00,00"
beltable	18992	3	5	-1	-1	-1	-1	-1	-1	-1	-1	-1	-1	-1	-1	-1	-1	-1	"8002A,00,00,00,00,00,00,00,00,00,00,00,00,00,00,00,00"
clothing	19248	476	4	-1	-1	-1	-1	-1	-1	-1	-1	-1	-1	-1	-1	-1	-1	-1	"10001A,00,00,00,00,00,00,00,00,00,00,00,00,00,10000000,00,00"
shoulderpads	19504	17	-1	-1	-1	-1	-1	-1	-1	-1	-1	-1	-1	-1	-1	-1	-1	452	"22001A,00,00,00,00,00,00,00,00,00,00,00,00,00,10000000,00,00"
goggles	19760	17	-1	-1	-1	-1	-1	-1	-1	-1	-1	-1	-1	-1	-1	-1	-1	467	"42001A,00,00,00,00,00,00,00,00,00,00,00,00,00,10000000,00,00"
	0	-1	-1	-1	-1	-1	-1	-1	-1	-1	-1	-1	-1	-1	-1	-1	-1	-1	"800000,00,00,00,00,00,00,00,00,00,00,00,00,00,00,00,00"
shirt	20272	17	-1	-1	-1	-1	-1	-1	-1	-1	-1	-1	-1	-1	-1	-1	-1	468	"102001A,00,00,00,00,00,00,00,00,00,00,00,00,00,10000000,00,00"
pants	20528	17	-1	-1	-1	-1	-1	-1	-1	-1	-1	-1	-1	-1	-1	-1	-1	471	"202001A,00,00,00,00,00,00,00,00,00,00,00,00,00,10000000,00,00"
helm	20784	17	-1	-1	-1	-1	-1	-1	-1	-1	-1	-1	-1	-1	-1	-1	-1	458	"402001A,00,00,00,00,00,00,00,00,00,00,00,00,00,10000000,00,00"
torso	21040	17	-1	-1	-1	-1	-1	-1	-1	-1	-1	-1	-1	-1	-1	-1	-1	7014	"802001A,00,00,00,00,00,00,00,00,00,00,00,00,00,10000000,00,00"
arms	21296	17	-1	-1	-1	-1	-1	-1	-1	-1	-1	-1	-1	-1	-1	-1	-1	457	"1002001A,00,00,00,00,00,00,00,00,00,00,00,00,00,10000000,00,00"
belt	21552	17	-1	-1	-1	-1	-1	-1	-1	-1	-1	-1	-1	-1	-1	-1	-1	455	"2002001A,00,00,00,00,00,00,00,00,00,00,00,00,00,10000000,00,00"
boots	21808	17	-1	-1	-1	-1	-1	-1	-1	-1	-1	-1	-1	-1	-1	-1	-1	469	"4002001A,00,00,00,00,00,00,00,00,00,00,00,00,00,10000000,00,00"
legarmor	22064	17	-1	-1	-1	-1	-1	-1	-1	-1	-1	-1	-1	-1	-1	-1	-1	471	"8002001A,00,00,00,00,00,00,00,00,00,00,00,00,00,10000000,00,00"
money	22320	18	-1	-1	-1	-1	-1	-1	-1	-1	-1	-1	-1	-1	-1	-1	-1	-1	"4002A,01,00,00,00,00,00,00,00,00,00,00,00,00,00,00,00"
tattoo	22576	18	-1	-1	-1	-1	-1	-1	-1	-1	-1	-1	-1	-1	-1	-1	-1	-1	"4002A,02,00,00,00,00,00,00,00,00,00,00,00,00,00,00,00"
implant	22832	18	-1	-1	-1	-1	-1	-1	-1	-1	-1	-1	-1	-1	-1	-1	-1	-1	"4002A,04,00,00,00,00,00,00,00,00,00,00,00,00,00,00,00"
powerup	24880	18	-1	-1	-1	-1	-1	-1	-1	-1	-1	-1	-1	-1	-1	-1	-1	-1	"4002A,08,00,00,00,00,00,00,00,00,00,00,00,00,00,00,00"
trinket	25136	18	476	-1	-1	-1	-1	-1	-1	-1	-1	-1	-1	-1	-1	-1	-1	472	"4002A,10,00,00,00,00,00,00,00,00,00,00,00,00,10000000,00,00"
onehand	25392	4	-1	-1	-1	-1	-1	-1	-1	-1	-1	-1	-1	-1	-1	-1	-1	-1	"1A,20,00,00,00,00,00,00,00,00,00,00,00,00,00,00,00"
twohand	25648	4	-1	-1	-1	-1	-1	-1	-1	-1	-1	-1	-1	-1	-1	-1	-1	-1	"1A,40,00,00,00,00,00,00,00,00,00,00,00,00,00,00,00"
offhand	25904	4	-1	-1	-1	-1	-1	-1	-1	-1	-1	-1	-1	-1	-1	-1	-1	-1	"1A,80,00,00,00,00,00,00,00,00,00,00,00,00,00,00,00"
shield	26160	39	-1	-1	-1	-1	-1	-1	-1	-1	-1	-1	-1	-1	-1	-1	-1	474	"1A,180,00,00,00,00,00,00,00,00,00,00,00,00,00,00,00"
shield_defensive	21828	40	17	-1	-1	-1	-1	-1	-1	-1	-1	-1	-1	-1	-1	-1	-1	-1	"2001A,380,00,00,00,00,00,00,00,00,00,00,00,00,10000000,00,00"
shield_offensive	21572	40	290	314	-1	-1	-1	-1	-1	-1	-1	-1	-1	-1	-1	-1	-1	-1	"1001A,580,00,00,00,00,00,00,00,4000004,00,00,00,00,10000000,00,00"
melee	26416	16	-1	-1	-1	-1	-1	-1	-1	-1	-1	-1	-1	-1	-1	-1	-1	-1	"1001A,800,00,00,00,00,00,00,00,00,00,00,00,00,10000000,00,00"
sword	26672	244	314	-1	-1	-1	-1	-1	-1	-1	-1	-1	-1	-1	-1	-1	-1	473	"1001A,1800,00,00,00,00,00,100000,00,4000000,00,00,00,00,10000000,00,00"
ranged	26928	16	-1	-1	-1	-1	-1	-1	-1	-1	-1	-1	-1	-1	-1	-1	-1	-1	"1001A,2000,00,00,00,00,00,00,00,00,00,00,00,00,10000000,00,00"
gun	27184	45	-1	-1	-1	-1	-1	-1	-1	-1	-1	-1	-1	-1	-1	-1	-1	-1	"1001A,6000,00,00,00,00,00,00,00,00,00,00,00,00,10000000,00,00"
gun1h	27440	46	37	-1	-1	-1	-1	-1	-1	-1	-1	-1	-1	-1	-1	-1	-1	476	"1001A,E020,00,00,00,00,00,00,00,00,00,00,00,00,10000000,00,00"
gun2h	27696	46	38	-1	-1	-1	-1	-1	-1	-1	-1	-1	-1	-1	-1	-1	-1	477	"1001A,16040,00,00,00,00,00,00,00,00,00,00,00,00,10000000,00,00"
gun_beam	21827	46	-1	-1	-1	-1	-1	-1	-1	-1	-1	-1	-1	-1	-1	-1	-1	-1	"1001A,26000,00,00,00,00,00,00,00,00,00,00,00,00,10000000,00,00"
clip	27952	18	-1	-1	-1	-1	-1	-1	-1	-1	-1	-1	-1	-1	-1	-1	-1	-1	"4002A,40000,00,00,00,00,00,00,00,00,00,00,00,00,00,00,00"
soul	28208	18	-1	-1	-1	-1	-1	-1	-1	-1	-1	-1	-1	-1	-1	-1	-1	-1	"4002A,80000,00,00,00,00,00,00,00,00,00,00,00,00,00,00,00"
ammo	28464	15	-1	-1	-1	-1	-1	-1	-1	-1	-1	-1	-1	-1	-1	-1	-1	-1	"4802A,100000,00,00,00,00,00,00,00,00,00,00,00,00,00,00,00"
gunammo	28720	52	-1	-1	-1	-1	-1	-1	-1	-1	-1	-1	-1	-1	-1	-1	-1	6916	"4802A,300000,00,00,00,00,00,00,00,00,00,00,00,00,00,00,00"
rocketammo	28976	15	-1	-1	-1	-1	-1	-1	-1	-1	-1	-1	-1	-1	-1	-1	-1	6912	"4802A,400000,00,00,00,00,00,00,00,00,00,00,00,00,00,00,00"
fuel	29232	15	-1	-1	-1	-1	-1	-1	-1	-1	-1	-1	-1	-1	-1	-1	-1	6910	"4802A,800000,00,00,00,00,00,00,00,00,00,00,00,00,00,00,00"
battery	29488	15	-1	-1	-1	-1	-1	-1	-1	-1	-1	-1	-1	-1	-1	-1	-1	6914	"4802A,1000000,00,00,00,00,00,00,00,00,00,00,00,00,00,00,00"
relic	29744	15	-1	-1	-1	-1	-1	-1	-1	-1	-1	-1	-1	-1	-1	-1	-1	6918	"4802A,2000000,00,00,00,00,00,00,00,00,00,00,00,00,00,00,00"
tech	30000	15	-1	-1	-1	-1	-1	-1	-1	-1	-1	-1	-1	-1	-1	-1	-1	6920	"4802A,4000000,00,00,00,00,00,00,00,00,00,00,00,00,00,00,00"
altfire	30256	15	-1	-1	-1	-1	-1	-1	-1	-1	-1	-1	-1	-1	-1	-1	-1	-1	"4802A,8000000,00,00,00,00,00,00,00,00,00,00,00,00,00,00,00"
socketable	22337	15	-1	-1	-1	-1	-1	-1	-1	-1	-1	-1	-1	-1	-1	-1	-1	498	"4802A,10000000,00,00,00,00,00,00,00,00,00,00,00,00,00,00,00"
corpse	30512	2	-1	-1	-1	-1	-1	-1	-1	-1	-1	-1	-1	-1	-1	-1	-1	-1	"06,20000000,00,00,00,00,00,00,00,00,00,00,00,00,00,00,00"
wardrobed_character	28485	1	-1	-1	-1	-1	-1	-1	-1	-1	-1	-1	-1	-1	-1	-1	-1	-1	"02,40000000,00,00,00,00,00,00,00,00,00,00,00,00,00,00,00"
templar	30768	62	-1	-1	-1	-1	-1	-1	-1	-1	-1	-1	-1	-1	-1	-1	-1	-1	"02,C0000000,00,00,00,00,00,00,00,00,00,00,00,00,00,00,00"
hunter	31024	62	-1	-1	-1	-1	-1	-1	-1	-1	-1	-1	-1	-1	-1	-1	-1	-1	"02,40000000,01,00,00,00,00,00,00,00,00,00,00,00,00,00,00"
cabalist	31280	62	-1	-1	-1	-1	-1	-1	-1	-1	-1	-1	-1	-1	-1	-1	-1	-1	"02,40000000,02,00,00,00,00,00,00,00,00,00,00,00,00,00,00"
templar_monster	12337	63	104	-1	-1	-1	-1	-1	-1	-1	-1	-1	-1	-1	-1	-1	-1	9549	"C2,C0000000,04,100,00,00,00,00,00,00,00,00,00,00,00,00,00"
hunter_monster	12593	64	104	-1	-1	-1	-1	-1	-1	-1	-1	-1	-1	-1	-1	-1	-1	9550	"C2,40000000,09,100,00,00,00,00,00,00,00,00,00,00,00,00,00"
cabalist_monster	12849	65	104	-1	-1	-1	-1	-1	-1	-1	-1	-1	-1	-1	-1	-1	-1	9551	"C2,40000000,12,100,00,00,00,00,00,00,00,00,00,00,00,00,00"
templar_player	21570	63	9	-1	-1	-1	-1	-1	-1	-1	-1	-1	-1	-1	-1	-1	-1	9549	"242,C0000000,20,00,00,00,00,00,00,00,00,00,00,00,00,00,00"
hunter_player	21826	64	9	-1	-1	-1	-1	-1	-1	-1	-1	-1	-1	-1	-1	-1	-1	9550	"242,40000000,41,00,00,00,00,00,00,00,00,00,00,00,00,00,00"
cabalist_player	22082	65	9	-1	-1	-1	-1	-1	-1	-1	-1	-1	-1	-1	-1	-1	-1	9551	"242,40000000,82,00,00,00,00,00,00,00,00,00,00,00,00,00,00"
	0	-1	-1	-1	-1	-1	-1	-1	-1	-1	-1	-1	-1	-1	-1	-1	-1	-1	"00,00,100,00,00,00,00,00,00,00,00,00,00,00,00,00,00"
	0	-1	-1	-1	-1	-1	-1	-1	-1	-1	-1	-1	-1	-1	-1	-1	-1	-1	"00,00,200,00,00,00,00,00,00,00,00,00,00,00,00,00,00"
skill_tablet	14385	5	-1	-1	-1	-1	-1	-1	-1	-1	-1	-1	-1	-1	-1	-1	-1	-1	"2A,00,400,00,00,00,00,00,00,00,00,00,00,00,00,00,00"
medpack	14641	130	-1	-1	-1	-1	-1	-1	-1	-1	-1	-1	-1	-1	-1	-1	-1	6922	"4002A,00,800,00,04,00,00,00,00,00,00,00,00,00,00,00,00"
destructible	16689	384	-1	-1	-1	-1	-1	-1	-1	-1	-1	-1	-1	-1	-1	-1	-1	-1	"02,00,1000,00,00,00,00,00,00,00,00,00,01,00,00,00,00"
openable	16945	2	-1	-1	-1	-1	-1	-1	-1	-1	-1	-1	-1	-1	-1	-1	-1	-1	"06,00,2000,00,00,00,00,00,00,00,00,00,00,00,00,00,00"
shrine	17201	138	-1	-1	-1	-1	-1	-1	-1	-1	-1	-1	-1	-1	-1	-1	-1	-1	"06,00,4000,10,400,00,00,00,00,00,00,00,00,00,00,00,00"
imp	17457	135	-1	-1	-1	-1	-1	-1	-1	-1	-1	-1	-1	-1	-1	-1	-1	-1	"20C2,00,8000,100,80,00,00,00,00,00,00,00,00,800000,00,00,00"
	0	-1	-1	-1	-1	-1	-1	-1	-1	-1	-1	-1	-1	-1	-1	-1	-1	-1	"00,00,10000,00,00,00,00,00,00,00,00,00,00,00,00,00,00"
	0	-1	-1	-1	-1	-1	-1	-1	-1	-1	-1	-1	-1	-1	-1	-1	-1	-1	"00,00,20000,00,00,00,00,00,00,00,00,00,00,00,00,00,00"
	0	-1	-1	-1	-1	-1	-1	-1	-1	-1	-1	-1	-1	-1	-1	-1	-1	-1	"00,00,40000,00,00,00,00,00,00,00,00,00,00,00,00,00,00"
	0	-1	-1	-1	-1	-1	-1	-1	-1	-1	-1	-1	-1	-1	-1	-1	-1	-1	"00,00,80000,00,00,00,00,00,00,00,00,00,00,00,00,00,00"
	0	-1	-1	-1	-1	-1	-1	-1	-1	-1	-1	-1	-1	-1	-1	-1	-1	-1	"00,00,100000,00,00,00,00,00,00,00,00,00,00,00,00,00,00"
	0	-1	-1	-1	-1	-1	-1	-1	-1	-1	-1	-1	-1	-1	-1	-1	-1	-1	"00,00,200000,00,00,00,00,00,00,00,00,00,00,00,00,00,00"
	0	-1	-1	-1	-1	-1	-1	-1	-1	-1	-1	-1	-1	-1	-1	-1	-1	-1	"00,00,400000,00,00,00,00,00,00,00,00,00,00,00,00,00,00"
	0	-1	-1	-1	-1	-1	-1	-1	-1	-1	-1	-1	-1	-1	-1	-1	-1	-1	"00,00,800000,00,00,00,00,00,00,00,00,00,00,00,00,00,00"
	0	-1	-1	-1	-1	-1	-1	-1	-1	-1	-1	-1	-1	-1	-1	-1	-1	-1	"00,00,1000000,00,00,00,00,00,00,00,00,00,00,00,00,00,00"
	0	-1	-1	-1	-1	-1	-1	-1	-1	-1	-1	-1	-1	-1	-1	-1	-1	-1	"00,00,2000000,00,00,00,00,00,00,00,00,00,00,00,00,00,00"
	0	-1	-1	-1	-1	-1	-1	-1	-1	-1	-1	-1	-1	-1	-1	-1	-1	-1	"00,00,4000000,00,00,00,00,00,00,00,00,00,00,00,00,00,00"
	0	-1	-1	-1	-1	-1	-1	-1	-1	-1	-1	-1	-1	-1	-1	-1	-1	-1	"00,00,8000000,00,00,00,00,00,00,00,00,00,00,00,00,00,00"
notarget	20273	1	-1	-1	-1	-1	-1	-1	-1	-1	-1	-1	-1	-1	-1	-1	-1	-1	"02,00,10000000,00,00,00,00,00,00,00,00,00,00,00,00,00,00"
critter	20529	92	6	-1	-1	-1	-1	-1	-1	-1	-1	-1	-1	-1	-1	-1	-1	-1	"42,00,30000000,00,00,00,00,00,00,00,00,00,00,00,00,00,00"
vermin	20785	93	-1	-1	-1	-1	-1	-1	-1	-1	-1	-1	-1	-1	-1	-1	-1	-1	"42,00,70000000,00,00,00,00,00,00,00,00,00,00,00,00,00,00"
cabalist_focus	21041	16	315	-1	-1	-1	-1	-1	-1	-1	-1	-1	-1	-1	-1	-1	-1	475	"1001A,00,80000000,00,00,00,00,00,00,8000000,00,00,00,00,10000000,00,00"
	0	-1	-1	-1	-1	-1	-1	-1	-1	-1	-1	-1	-1	-1	-1	-1	-1	-1	"00,00,00,01,00,00,00,00,00,00,00,00,00,00,00,00,00"
	0	-1	-1	-1	-1	-1	-1	-1	-1	-1	-1	-1	-1	-1	-1	-1	-1	-1	"00,00,00,02,00,00,00,00,00,00,00,00,00,00,00,00,00"
	0	-1	-1	-1	-1	-1	-1	-1	-1	-1	-1	-1	-1	-1	-1	-1	-1	-1	"00,00,00,04,00,00,00,00,00,00,00,00,00,00,00,00,00"
	0	-1	-1	-1	-1	-1	-1	-1	-1	-1	-1	-1	-1	-1	-1	-1	-1	-1	"00,00,00,08,00,00,00,00,00,00,00,00,00,00,00,00,00"
blocking	22321	1	-1	-1	-1	-1	-1	-1	-1	-1	-1	-1	-1	-1	-1	-1	-1	-1	"02,00,00,10,00,00,00,00,00,00,00,00,00,00,00,00,00"
blocking_openable	22577	77	100	-1	-1	-1	-1	-1	-1	-1	-1	-1	-1	-1	-1	-1	-1	-1	"06,00,2000,30,00,00,00,00,00,00,00,00,00,00,00,00,00"
blocking_destructible	22833	76	100	-1	-1	-1	-1	-1	-1	-1	-1	-1	-1	-1	-1	-1	-1	-1	"02,00,1000,50,00,00,00,00,00,00,00,00,01,00,00,00,00"
	0	-1	-1	-1	-1	-1	-1	-1	-1	-1	-1	-1	-1	-1	-1	-1	-1	-1	"00,00,00,80,00,00,00,00,00,00,00,00,00,00,00,00,00"
weapon_monster	23089	7	-1	-1	-1	-1	-1	-1	-1	-1	-1	-1	-1	-1	-1	-1	-1	-1	"C2,00,00,100,00,00,00,00,00,00,00,00,00,00,00,00,00"
	0	-1	-1	-1	-1	-1	-1	-1	-1	-1	-1	-1	-1	-1	-1	-1	-1	-1	"00,00,00,200,00,00,00,00,00,00,00,00,00,00,00,00,00"
	0	-1	-1	-1	-1	-1	-1	-1	-1	-1	-1	-1	-1	-1	-1	-1	-1	-1	"00,00,00,400,00,00,00,00,00,00,00,00,00,00,00,00,00"
	0	-1	-1	-1	-1	-1	-1	-1	-1	-1	-1	-1	-1	-1	-1	-1	-1	-1	"00,00,00,800,00,00,00,00,00,00,00,00,00,00,00,00,00"
	0	-1	-1	-1	-1	-1	-1	-1	-1	-1	-1	-1	-1	-1	-1	-1	-1	-1	"00,00,00,1000,00,00,00,00,00,00,00,00,00,00,00,00,00"
	0	-1	-1	-1	-1	-1	-1	-1	-1	-1	-1	-1	-1	-1	-1	-1	-1	-1	"00,00,00,2000,00,00,00,00,00,00,00,00,00,00,00,00,00"
	0	-1	-1	-1	-1	-1	-1	-1	-1	-1	-1	-1	-1	-1	-1	-1	-1	-1	"00,00,00,4000,00,00,00,00,00,00,00,00,00,00,00,00,00"
	0	-1	-1	-1	-1	-1	-1	-1	-1	-1	-1	-1	-1	-1	-1	-1	-1	-1	"00,00,00,8000,00,00,00,00,00,00,00,00,00,00,00,00,00"
	0	-1	-1	-1	-1	-1	-1	-1	-1	-1	-1	-1	-1	-1	-1	-1	-1	-1	"00,00,00,10000,00,00,00,00,00,00,00,00,00,00,00,00,00"
bug_zapper	26417	117	12	-1	-1	-1	-1	-1	-1	-1	-1	-1	-1	-1	-1	-1	-1	-1	"10C2,00,00,260000,00,00,00,00,00,00,00,00,00,800000,00,00,00"
pet	26673	7	-1	-1	-1	-1	-1	-1	-1	-1	-1	-1	-1	-1	-1	-1	-1	-1	"C2,00,00,40000,00,00,00,00,00,00,00,00,00,00,00,00,00"
hireling	26929	7	-1	-1	-1	-1	-1	-1	-1	-1	-1	-1	-1	-1	-1	-1	-1	-1	"C2,00,00,80000,00,00,00,00,00,00,00,00,00,00,00,00,00"
major_pet	27185	114	-1	-1	-1	-1	-1	-1	-1	-1	-1	-1	-1	-1	-1	-1	-1	-1	"C2,00,00,140000,00,00,00,00,00,00,00,00,00,00,00,00,00"
minor_pet	27441	114	-1	-1	-1	-1	-1	-1	-1	-1	-1	-1	-1	-1	-1	-1	-1	-1	"C2,00,00,240000,00,00,00,00,00,00,00,00,00,00,00,00,00"
major_pet_beast	27697	116	11	-1	-1	-1	-1	-1	-1	-1	-1	-1	-1	-1	-1	-1	-1	-1	"8C2,00,00,540000,00,00,00,00,00,00,00,00,00,800000,00,00,00"
major_pet_undead	27953	116	10	-1	-1	-1	-1	-1	-1	-1	-1	-1	-1	-1	-1	-1	-1	-1	"4C2,00,00,940000,00,00,00,00,00,00,00,00,00,800000,00,00,00"
major_pet_demon	28209	116	13	-1	-1	-1	-1	-1	-1	-1	-1	-1	-1	-1	-1	-1	-1	-1	"20C2,00,00,1140000,00,00,00,00,00,00,00,00,00,800000,00,00,00"
major_pet_spectral	28465	116	12	-1	-1	-1	-1	-1	-1	-1	-1	-1	-1	-1	-1	-1	-1	-1	"10C2,00,00,2140000,00,00,00,00,00,00,00,00,00,800000,00,00,00"
shrieker_pet	28721	117	13	-1	-1	-1	-1	-1	-1	-1	-1	-1	-1	-1	-1	-1	-1	-1	"20C2,00,00,4240000,00,00,00,00,00,00,00,00,00,800000,00,00,00"
powerpack	28977	130	-1	-1	-1	-1	-1	-1	-1	-1	-1	-1	-1	-1	-1	-1	-1	-1	"4002A,00,00,8000000,04,00,00,00,00,00,00,00,00,00,00,00,00"
bow	29233	45	-1	-1	-1	-1	-1	-1	-1	-1	-1	-1	-1	-1	-1	-1	-1	-1	"1001A,2000,00,10000000,00,00,00,00,00,00,00,00,00,00,10000000,00,00"
bow2h	29489	124	38	126	-1	-1	-1	-1	-1	-1	-1	-1	-1	-1	-1	-1	-1	-1	"1001A,2040,00,70000000,00,00,00,00,00,00,00,00,00,00,10000000,00,00"
lefthand	29745	4	-1	-1	-1	-1	-1	-1	-1	-1	-1	-1	-1	-1	-1	-1	-1	-1	"1A,00,00,40000000,00,00,00,00,00,00,00,00,00,00,00,00,00"
righthand	30001	4	-1	-1	-1	-1	-1	-1	-1	-1	-1	-1	-1	-1	-1	-1	-1	-1	"1A,00,00,80000000,00,00,00,00,00,00,00,00,00,00,00,00,00"
analyzer	19009	130	-1	-1	-1	-1	-1	-1	-1	-1	-1	-1	-1	-1	-1	-1	-1	-1	"4002A,00,00,00,05,00,00,00,00,00,00,00,00,00,00,00,00"
	0	-1	-1	-1	-1	-1	-1	-1	-1	-1	-1	-1	-1	-1	-1	-1	-1	-1	"00,00,00,00,02,00,00,00,00,00,00,00,00,00,00,00,00"
consumable	30513	18	-1	-1	-1	-1	-1	-1	-1	-1	-1	-1	-1	-1	-1	-1	-1	-1	"4002A,00,00,00,04,00,00,00,00,00,00,00,00,00,00,00,00"
morpho_jr	30769	11	-1	-1	-1	-1	-1	-1	-1	-1	-1	-1	-1	-1	-1	-1	-1	-1	"8C2,00,00,00,08,00,00,00,00,00,00,00,00,800000,00,00,00"
zombie	31025	10	150	-1	-1	-1	-1	-1	-1	-1	-1	-1	-1	-1	-1	-1	-1	8842	"44C2,00,00,00,400010,00,00,00,00,00,00,00,00,800000,00,00,00"
weapon_beast	31281	104	11	-1	-1	-1	-1	-1	-1	-1	-1	-1	-1	-1	-1	-1	-1	-1	"8C2,00,00,100,20,00,00,00,00,00,00,00,00,800000,00,00,00"
weapon_undead	12338	104	10	-1	-1	-1	-1	-1	-1	-1	-1	-1	-1	-1	-1	-1	-1	-1	"4C2,00,00,100,40,00,00,00,00,00,00,00,00,800000,00,00,00"
weapon_demon	12594	104	13	-1	-1	-1	-1	-1	-1	-1	-1	-1	-1	-1	-1	-1	-1	-1	"20C2,00,00,100,80,00,00,00,00,00,00,00,00,800000,00,00,00"
weapon_spectral	12850	104	12	-1	-1	-1	-1	-1	-1	-1	-1	-1	-1	-1	-1	-1	-1	-1	"10C2,00,00,100,100,00,00,00,00,00,00,00,00,800000,00,00,00"
maggot	13106	13	-1	-1	-1	-1	-1	-1	-1	-1	-1	-1	-1	-1	-1	-1	-1	-1	"20C2,00,00,00,200,00,00,00,00,00,00,00,00,800000,00,00,00"
blocking_object	13362	2	100	-1	-1	-1	-1	-1	-1	-1	-1	-1	-1	-1	-1	-1	-1	-1	"06,00,00,10,400,00,00,00,00,00,00,00,00,00,00,00,00"
	0	-1	-1	-1	-1	-1	-1	-1	-1	-1	-1	-1	-1	-1	-1	-1	-1	-1	"00,00,00,00,800,00,00,00,00,00,00,00,00,00,00,00,00"
	0	-1	-1	-1	-1	-1	-1	-1	-1	-1	-1	-1	-1	-1	-1	-1	-1	-1	"00,00,00,00,1000,00,00,00,00,00,00,00,00,00,00,00,00"
	0	-1	-1	-1	-1	-1	-1	-1	-1	-1	-1	-1	-1	-1	-1	-1	-1	-1	"00,00,00,00,2000,00,00,00,00,00,00,00,00,00,00,00,00"
	0	-1	-1	-1	-1	-1	-1	-1	-1	-1	-1	-1	-1	-1	-1	-1	-1	-1	"00,00,00,00,4000,00,00,00,00,00,00,00,00,00,00,00,00"
	0	-1	-1	-1	-1	-1	-1	-1	-1	-1	-1	-1	-1	-1	-1	-1	-1	-1	"00,00,00,00,8000,00,00,00,00,00,00,00,00,00,00,00,00"
	0	-1	-1	-1	-1	-1	-1	-1	-1	-1	-1	-1	-1	-1	-1	-1	-1	-1	"00,00,00,00,10000,00,00,00,00,00,00,00,00,00,00,00,00"
	0	-1	-1	-1	-1	-1	-1	-1	-1	-1	-1	-1	-1	-1	-1	-1	-1	-1	"00,00,00,00,20000,00,00,00,00,00,00,00,00,00,00,00,00"
	0	-1	-1	-1	-1	-1	-1	-1	-1	-1	-1	-1	-1	-1	-1	-1	-1	-1	"00,00,00,00,40000,00,00,00,00,00,00,00,00,00,00,00,00"
	0	-1	-1	-1	-1	-1	-1	-1	-1	-1	-1	-1	-1	-1	-1	-1	-1	-1	"00,00,00,00,80000,00,00,00,00,00,00,00,00,00,00,00,00"
	0	-1	-1	-1	-1	-1	-1	-1	-1	-1	-1	-1	-1	-1	-1	-1	-1	-1	"00,00,00,00,100000,00,00,00,00,00,00,00,00,00,00,00,00"
	0	-1	-1	-1	-1	-1	-1	-1	-1	-1	-1	-1	-1	-1	-1	-1	-1	-1	"00,00,00,00,200000,00,00,00,00,00,00,00,00,00,00,00,00"
humanoidmonster	18226	14	439	-1	-1	-1	-1	-1	-1	-1	-1	-1	-1	-1	-1	-1	-1	-1	"40C2,00,00,00,400000,00,00,00,00,00,00,00,00,800000,00,00,00"
	0	-1	-1	-1	-1	-1	-1	-1	-1	-1	-1	-1	-1	-1	-1	-1	-1	-1	"00,00,00,00,800000,00,00,00,00,00,00,00,00,00,00,00,00"
	0	-1	-1	-1	-1	-1	-1	-1	-1	-1	-1	-1	-1	-1	-1	-1	-1	-1	"00,00,00,00,1000000,00,00,00,00,00,00,00,00,00,00,00,00"
champion	18994	-1	-1	-1	-1	-1	-1	-1	-1	-1	-1	-1	-1	-1	-1	-1	-1	-1	"00,00,00,00,2000000,00,00,00,00,00,00,00,00,00,00,00,00"
townportal	19250	130	-1	-1	-1	-1	-1	-1	-1	-1	-1	-1	-1	-1	-1	-1	-1	478	"4002A,00,00,00,4000004,00,00,00,00,00,00,00,00,00,00,00,00"
	0	-1	-1	-1	-1	-1	-1	-1	-1	-1	-1	-1	-1	-1	-1	-1	-1	-1	"00,00,00,00,8000000,00,00,00,00,00,00,00,00,00,00,00,00"
flyingimpmelee	19762	79	-1	-1	-1	-1	-1	-1	-1	-1	-1	-1	-1	-1	-1	-1	-1	-1	"20C2,00,8000,100,10000080,00,00,00,00,00,00,00,00,800000,00,00,00"
hellmeat	20018	10	-1	-1	-1	-1	-1	-1	-1	-1	-1	-1	-1	-1	-1	-1	-1	-1	"4C2,00,00,00,20000000,00,00,00,00,00,00,00,00,800000,00,00,00"
totem	20274	117	-1	-1	-1	-1	-1	-1	-1	-1	-1	-1	-1	-1	-1	-1	-1	-1	"C2,00,00,240000,40000000,00,00,00,00,00,00,00,00,00,00,00,00"
turret	20530	104	-1	-1	-1	-1	-1	-1	-1	-1	-1	-1	-1	-1	-1	-1	-1	-1	"C2,00,00,100,80000000,00,00,00,00,00,00,00,00,00,00,00,00"
zombieerik	20786	132	-1	-1	-1	-1	-1	-1	-1	-1	-1	-1	-1	-1	-1	-1	-1	-1	"44C2,00,00,00,400010,01,00,00,00,00,00,00,00,800000,00,00,00"
zombiemax	21042	132	-1	-1	-1	-1	-1	-1	-1	-1	-1	-1	-1	-1	-1	-1	-1	-1	"44C2,00,00,00,400010,02,00,00,00,00,00,00,00,800000,00,00,00"
minor_pet_beast	21298	117	11	-1	-1	-1	-1	-1	-1	-1	-1	-1	-1	-1	-1	-1	-1	-1	"8C2,00,00,240000,00,04,00,00,00,00,00,00,00,800000,00,00,00"
minor_pet_undead	21554	117	10	-1	-1	-1	-1	-1	-1	-1	-1	-1	-1	-1	-1	-1	-1	-1	"4C2,00,00,240000,00,08,00,00,00,00,00,00,00,800000,00,00,00"
minor_pet_demon	21810	117	13	-1	-1	-1	-1	-1	-1	-1	-1	-1	-1	-1	-1	-1	-1	-1	"20C2,00,00,240000,00,10,00,00,00,00,00,00,00,800000,00,00,00"
minor_pet_spectral	22066	117	12	-1	-1	-1	-1	-1	-1	-1	-1	-1	-1	-1	-1	-1	-1	-1	"10C2,00,00,240000,00,20,00,00,00,00,00,00,00,800000,00,00,00"
turret_minor	22322	117	159	-1	-1	-1	-1	-1	-1	-1	-1	-1	-1	-1	-1	-1	-1	-1	"C2,00,00,240100,80000000,40,00,00,00,00,00,00,00,00,00,00,00"
turret_major	22578	116	159	-1	-1	-1	-1	-1	-1	-1	-1	-1	-1	-1	-1	-1	-1	-1	"C2,00,00,140100,80000000,80,00,00,00,00,00,00,00,00,00,00,00"
headstone	22834	2	-1	-1	-1	-1	-1	-1	-1	-1	-1	-1	-1	-1	-1	-1	-1	-1	"06,00,00,00,00,100,00,00,00,00,00,00,00,00,00,00,00"
taskmarker	23090	2	-1	-1	-1	-1	-1	-1	-1	-1	-1	-1	-1	-1	-1	-1	-1	-1	"06,00,00,00,00,200,00,00,00,00,00,00,00,00,00,00,00"
warp	25138	2	-1	-1	-1	-1	-1	-1	-1	-1	-1	-1	-1	-1	-1	-1	-1	-1	"06,00,00,00,00,400,00,00,00,00,00,00,00,00,00,00,00"
warp_return_one	25394	170	-1	-1	-1	-1	-1	-1	-1	-1	-1	-1	-1	-1	-1	-1	-1	-1	"06,00,00,00,00,C00,00,00,00,00,00,00,00,00,00,00,00"
	0	-1	-1	-1	-1	-1	-1	-1	-1	-1	-1	-1	-1	-1	-1	-1	-1	-1	"00,00,00,00,00,1000,00,00,00,00,00,00,00,00,00,00,00"
	0	-1	-1	-1	-1	-1	-1	-1	-1	-1	-1	-1	-1	-1	-1	-1	-1	-1	"00,00,00,00,00,2000,00,00,00,00,00,00,00,00,00,00,00"
	0	-1	-1	-1	-1	-1	-1	-1	-1	-1	-1	-1	-1	-1	-1	-1	-1	-1	"00,00,00,00,00,4000,00,00,00,00,00,00,00,00,00,00,00"
	0	-1	-1	-1	-1	-1	-1	-1	-1	-1	-1	-1	-1	-1	-1	-1	-1	-1	"00,00,00,00,00,8000,00,00,00,00,00,00,00,00,00,00,00"
	0	-1	-1	-1	-1	-1	-1	-1	-1	-1	-1	-1	-1	-1	-1	-1	-1	-1	"00,00,00,00,00,10000,00,00,00,00,00,00,00,00,00,00,00"
	0	-1	-1	-1	-1	-1	-1	-1	-1	-1	-1	-1	-1	-1	-1	-1	-1	-1	"00,00,00,00,00,20000,00,00,00,00,00,00,00,00,00,00,00"
	0	-1	-1	-1	-1	-1	-1	-1	-1	-1	-1	-1	-1	-1	-1	-1	-1	-1	"00,00,00,00,00,40000,00,00,00,00,00,00,00,00,00,00,00"
	0	-1	-1	-1	-1	-1	-1	-1	-1	-1	-1	-1	-1	-1	-1	-1	-1	-1	"00,00,00,00,00,80000,00,00,00,00,00,00,00,00,00,00,00"
visual_portal	27442	2	-1	-1	-1	-1	-1	-1	-1	-1	-1	-1	-1	-1	-1	-1	-1	-1	"06,00,00,00,00,100000,00,00,00,00,00,00,00,00,00,00,00"
sublevel_portal	27698	170	180	-1	-1	-1	-1	-1	-1	-1	-1	-1	-1	-1	-1	-1	-1	-1	"06,00,00,00,00,300400,00,00,00,00,00,00,00,00,00,00,00"
hellrift_portal	27954	181	-1	-1	-1	-1	-1	-1	-1	-1	-1	-1	-1	-1	-1	-1	-1	-1	"06,00,00,00,00,700400,00,00,00,00,00,00,00,00,00,00,00"
warp_next_level	28210	170	-1	-1	-1	-1	-1	-1	-1	-1	-1	-1	-1	-1	-1	-1	-1	-1	"06,00,00,00,00,800400,00,00,00,00,00,00,00,00,00,00,00"
warp_prev_level	28466	170	-1	-1	-1	-1	-1	-1	-1	-1	-1	-1	-1	-1	-1	-1	-1	-1	"06,00,00,00,00,1000400,00,00,00,00,00,00,00,00,00,00,00"
warp_level	28722	170	-1	-1	-1	-1	-1	-1	-1	-1	-1	-1	-1	-1	-1	-1	-1	-1	"06,00,00,00,00,2000400,00,00,00,00,00,00,00,00,00,00,00"
warp_one	28978	170	-1	-1	-1	-1	-1	-1	-1	-1	-1	-1	-1	-1	-1	-1	-1	-1	"06,00,00,00,00,4000400,00,00,00,00,00,00,00,00,00,00,00"
start_location	29234	2	-1	-1	-1	-1	-1	-1	-1	-1	-1	-1	-1	-1	-1	-1	-1	-1	"06,00,00,00,00,8000000,00,00,00,00,00,00,00,00,00,00,00"
portal_to_town	29490	170	-1	-1	-1	-1	-1	-1	-1	-1	-1	-1	-1	-1	-1	-1	-1	-1	"06,00,00,00,00,10000400,00,00,00,00,00,00,00,00,00,00,00"
portal_from_town	29746	170	-1	-1	-1	-1	-1	-1	-1	-1	-1	-1	-1	-1	-1	-1	-1	-1	"06,00,00,00,00,20000400,00,00,00,00,00,00,00,00,00,00,00"
visual_portal_to_town	18497	188	181	-1	-1	-1	-1	-1	-1	-1	-1	-1	-1	-1	-1	-1	-1	-1	"06,00,00,00,00,50300400,00,00,00,00,00,00,00,00,00,00,00"
visual_portal_from_town	18753	189	181	-1	-1	-1	-1	-1	-1	-1	-1	-1	-1	-1	-1	-1	-1	-1	"06,00,00,00,00,A0300400,00,00,00,00,00,00,00,00,00,00,00"
zombie_pet	30002	117	132	-1	-1	-1	-1	-1	-1	-1	-1	-1	-1	-1	-1	-1	-1	-1	"44C2,00,00,240000,400010,00,01,00,00,00,00,00,00,800000,00,00,00"
nightmare_boss	30258	10	-1	-1	-1	-1	-1	-1	-1	-1	-1	-1	-1	-1	-1	-1	-1	-1	"4C2,00,00,00,00,00,02,00,00,00,00,00,00,800000,00,00,00"
passage	30514	170	-1	-1	-1	-1	-1	-1	-1	-1	-1	-1	-1	-1	-1	-1	-1	-1	"06,00,00,00,00,400,04,00,00,00,00,00,00,00,00,00,00"
passage_enter	30770	194	-1	-1	-1	-1	-1	-1	-1	-1	-1	-1	-1	-1	-1	-1	-1	-1	"06,00,00,00,00,400,0C,00,00,00,00,00,00,00,00,00,00"
passage_exit	31026	194	-1	-1	-1	-1	-1	-1	-1	-1	-1	-1	-1	-1	-1	-1	-1	-1	"06,00,00,00,00,400,14,00,00,00,00,00,00,00,00,00,00"
hellgate	16961	1	-1	-1	-1	-1	-1	-1	-1	-1	-1	-1	-1	-1	-1	-1	-1	-1	"02,00,00,00,00,00,20,00,00,00,00,00,00,00,00,00,00"
	0	-1	-1	-1	-1	-1	-1	-1	-1	-1	-1	-1	-1	-1	-1	-1	-1	-1	"00,00,00,00,00,00,40,00,00,00,00,00,00,00,00,00,00"
	0	-1	-1	-1	-1	-1	-1	-1	-1	-1	-1	-1	-1	-1	-1	-1	-1	-1	"00,00,00,00,00,00,80,00,00,00,00,00,00,00,00,00,00"
	0	-1	-1	-1	-1	-1	-1	-1	-1	-1	-1	-1	-1	-1	-1	-1	-1	-1	"00,00,00,00,00,00,100,00,00,00,00,00,00,00,00,00,00"
	0	-1	-1	-1	-1	-1	-1	-1	-1	-1	-1	-1	-1	-1	-1	-1	-1	-1	"00,00,00,00,00,00,200,00,00,00,00,00,00,00,00,00,00"
temporary_buff	31282	130	-1	-1	-1	-1	-1	-1	-1	-1	-1	-1	-1	-1	-1	-1	-1	-1	"4002A,00,00,00,04,00,400,00,00,00,00,00,00,00,00,00,00"
templar_pet	19265	66	116	-1	-1	-1	-1	-1	-1	-1	-1	-1	-1	-1	-1	-1	-1	-1	"C2,C0000000,04,140100,00,00,800,00,00,00,00,00,00,00,00,00,00"
hunter_pet	29761	67	116	-1	-1	-1	-1	-1	-1	-1	-1	-1	-1	-1	-1	-1	-1	-1	"C2,40000000,09,140100,00,00,1000,00,00,00,00,00,00,00,00,00,00"
sublevel_portal_fake	19521	181	-1	-1	-1	-1	-1	-1	-1	-1	-1	-1	-1	-1	-1	-1	-1	-1	"06,00,00,00,00,300400,2000,00,00,00,00,00,00,00,00,00,00"
destructible_notarget	19777	76	92	-1	-1	-1	-1	-1	-1	-1	-1	-1	-1	-1	-1	-1	-1	-1	"02,00,10001000,00,00,00,4000,00,00,00,00,00,01,00,00,00,00"
blocking_destructible_notarget	20033	206	100	-1	-1	-1	-1	-1	-1	-1	-1	-1	-1	-1	-1	-1	-1	-1	"02,00,10001000,10,00,00,C000,00,00,00,00,00,01,00,00,00,00"
	0	-1	-1	-1	-1	-1	-1	-1	-1	-1	-1	-1	-1	-1	-1	-1	-1	-1	"00,00,00,00,00,00,10000,00,00,00,00,00,00,00,00,00,00"
	0	-1	-1	-1	-1	-1	-1	-1	-1	-1	-1	-1	-1	-1	-1	-1	-1	-1	"00,00,00,00,00,00,20000,00,00,00,00,00,00,00,00,00,00"
	0	-1	-1	-1	-1	-1	-1	-1	-1	-1	-1	-1	-1	-1	-1	-1	-1	-1	"00,00,00,00,00,00,40000,00,00,00,00,00,00,00,00,00,00"
	0	-1	-1	-1	-1	-1	-1	-1	-1	-1	-1	-1	-1	-1	-1	-1	-1	-1	"00,00,00,00,00,00,80000,00,00,00,00,00,00,00,00,00,00"
	0	-1	-1	-1	-1	-1	-1	-1	-1	-1	-1	-1	-1	-1	-1	-1	-1	-1	"00,00,00,00,00,00,100000,00,00,00,00,00,00,00,00,00,00"
	0	-1	-1	-1	-1	-1	-1	-1	-1	-1	-1	-1	-1	-1	-1	-1	-1	-1	"00,00,00,00,00,00,200000,00,00,00,00,00,00,00,00,00,00"
	0	-1	-1	-1	-1	-1	-1	-1	-1	-1	-1	-1	-1	-1	-1	-1	-1	-1	"00,00,00,00,00,00,400000,00,00,00,00,00,00,00,00,00,00"
	0	-1	-1	-1	-1	-1	-1	-1	-1	-1	-1	-1	-1	-1	-1	-1	-1	-1	"00,00,00,00,00,00,800000,00,00,00,00,00,00,00,00,00,00"
	0	-1	-1	-1	-1	-1	-1	-1	-1	-1	-1	-1	-1	-1	-1	-1	-1	-1	"00,00,00,00,00,00,1000000,00,00,00,00,00,00,00,00,00,00"
	0	-1	-1	-1	-1	-1	-1	-1	-1	-1	-1	-1	-1	-1	-1	-1	-1	-1	"00,00,00,00,00,00,2000000,00,00,00,00,00,00,00,00,00,00"
	0	-1	-1	-1	-1	-1	-1	-1	-1	-1	-1	-1	-1	-1	-1	-1	-1	-1	"00,00,00,00,00,00,4000000,00,00,00,00,00,00,00,00,00,00"
	0	-1	-1	-1	-1	-1	-1	-1	-1	-1	-1	-1	-1	-1	-1	-1	-1	-1	"00,00,00,00,00,00,8000000,00,00,00,00,00,00,00,00,00,00"
	0	-1	-1	-1	-1	-1	-1	-1	-1	-1	-1	-1	-1	-1	-1	-1	-1	-1	"00,00,00,00,00,00,10000000,00,00,00,00,00,00,00,00,00,00"
	0	-1	-1	-1	-1	-1	-1	-1	-1	-1	-1	-1	-1	-1	-1	-1	-1	-1	"00,00,00,00,00,00,20000000,00,00,00,00,00,00,00,00,00,00"
	0	-1	-1	-1	-1	-1	-1	-1	-1	-1	-1	-1	-1	-1	-1	-1	-1	-1	"00,00,00,00,00,00,40000000,00,00,00,00,00,00,00,00,00,00"
prayer_weapon	22081	16	-1	-1	-1	-1	-1	-1	-1	-1	-1	-1	-1	-1	-1	-1	-1	-1	"1001A,00,00,00,00,00,80000000,00,00,00,00,00,00,00,10000000,00,00"
quest_object	22593	2	-1	-1	-1	-1	-1	-1	-1	-1	-1	-1	-1	-1	-1	-1	-1	-1	"06,00,00,00,00,00,00,01,00,00,00,00,00,00,00,00,00"
quest_object_interact	22849	224	-1	-1	-1	-1	-1	-1	-1	-1	-1	-1	-1	-1	-1	-1	-1	-1	"06,00,00,00,00,00,00,03,00,00,00,00,00,00,00,00,00"
quest_object_boss	23105	224	-1	-1	-1	-1	-1	-1	-1	-1	-1	-1	-1	-1	-1	-1	-1	-1	"06,00,00,00,00,00,00,05,00,00,00,00,00,00,00,00,00"
quest_object_mini_boss	24897	224	-1	-1	-1	-1	-1	-1	-1	-1	-1	-1	-1	-1	-1	-1	-1	-1	"06,00,00,00,00,00,00,09,00,00,00,00,00,00,00,00,00"
adrenaline	25153	202	-1	-1	-1	-1	-1	-1	-1	-1	-1	-1	-1	-1	-1	-1	-1	-1	"4002A,00,00,00,04,00,400,10,00,00,00,00,00,00,00,00,00"
shield_capacitor	25409	202	-1	-1	-1	-1	-1	-1	-1	-1	-1	-1	-1	-1	-1	-1	-1	-1	"4002A,00,00,00,04,00,400,20,00,00,00,00,00,00,00,00,00"
antidote	25665	202	-1	-1	-1	-1	-1	-1	-1	-1	-1	-1	-1	-1	-1	-1	-1	-1	"4002A,00,00,00,04,00,400,40,00,00,00,00,00,00,00,00,00"
stabilizer	25921	202	-1	-1	-1	-1	-1	-1	-1	-1	-1	-1	-1	-1	-1	-1	-1	-1	"4002A,00,00,00,04,00,400,80,00,00,00,00,00,00,00,00,00"
fire_suppressor	26177	202	-1	-1	-1	-1	-1	-1	-1	-1	-1	-1	-1	-1	-1	-1	-1	-1	"4002A,00,00,00,04,00,400,100,00,00,00,00,00,00,00,00,00"
shunt_capacitor	26433	202	-1	-1	-1	-1	-1	-1	-1	-1	-1	-1	-1	-1	-1	-1	-1	-1	"4002A,00,00,00,04,00,400,200,00,00,00,00,00,00,00,00,00"
gyro	26689	202	-1	-1	-1	-1	-1	-1	-1	-1	-1	-1	-1	-1	-1	-1	-1	-1	"4002A,00,00,00,04,00,400,400,00,00,00,00,00,00,00,00,00"
spectral_pet	26945	12	117	-1	-1	-1	-1	-1	-1	-1	-1	-1	-1	-1	-1	-1	-1	-1	"10C2,00,00,240000,00,00,00,800,00,00,00,00,00,800000,00,00,00"
techsmith	27201	66	-1	-1	-1	-1	-1	-1	-1	-1	-1	-1	-1	-1	-1	-1	-1	-1	"C2,C0000000,04,100,00,00,00,1000,00,00,00,00,00,00,00,00,00"
imp_pet	27457	79	117	-1	-1	-1	-1	-1	-1	-1	-1	-1	-1	-1	-1	-1	-1	-1	"20C2,00,8000,240100,80,00,00,2000,00,00,00,00,00,800000,00,00,00"
field_missile	27713	8	-1	-1	-1	-1	-1	-1	-1	-1	-1	-1	-1	-1	-1	-1	-1	-1	"102,00,00,00,00,00,00,4000,00,00,00,00,00,00,00,00,00"
field_missile_fire	27969	238	-1	-1	-1	-1	-1	-1	-1	-1	-1	-1	-1	-1	-1	-1	-1	-1	"102,00,00,00,00,00,00,C000,00,00,00,00,00,00,00,00,00"
field_missile_electric	28225	238	-1	-1	-1	-1	-1	-1	-1	-1	-1	-1	-1	-1	-1	-1	-1	-1	"102,00,00,00,00,00,00,14000,00,00,00,00,00,00,00,00,00"
field_missile_physical	28481	238	-1	-1	-1	-1	-1	-1	-1	-1	-1	-1	-1	-1	-1	-1	-1	-1	"102,00,00,00,00,00,00,24000,00,00,00,00,00,00,00,00,00"
field_missile_spectral	28737	238	-1	-1	-1	-1	-1	-1	-1	-1	-1	-1	-1	-1	-1	-1	-1	-1	"102,00,00,00,00,00,00,44000,00,00,00,00,00,00,00,00,00"
field_missile_toxic	28993	238	-1	-1	-1	-1	-1	-1	-1	-1	-1	-1	-1	-1	-1	-1	-1	-1	"102,00,00,00,00,00,00,84000,00,00,00,00,00,00,00,00,00"
bladed	29249	43	-1	-1	-1	-1	-1	-1	-1	-1	-1	-1	-1	-1	-1	-1	-1	-1	"1001A,800,00,00,00,00,00,100000,00,00,00,00,00,00,10000000,00,00"
map	29505	18	-1	-1	-1	-1	-1	-1	-1	-1	-1	-1	-1	-1	-1	-1	-1	-1	"4002A,00,00,00,00,00,00,200000,00,00,00,00,00,00,00,00,00"
	0	-1	-1	-1	-1	-1	-1	-1	-1	-1	-1	-1	-1	-1	-1	-1	-1	-1	"00,00,00,00,00,00,00,400000,00,00,00,00,00,00,00,00,00"
guardian	30273	63	-1	-1	-1	-1	-1	-1	-1	-1	-1	-1	-1	-1	-1	-1	-1	8	"02,C0000000,00,00,00,00,00,800000,00,00,00,00,00,00,00,00,00"
blademaster	30529	63	-1	-1	-1	-1	-1	-1	-1	-1	-1	-1	-1	-1	-1	-1	-1	10	"02,C0000000,00,00,00,00,00,1000000,00,00,00,00,00,00,00,00,00"
	0	-1	-1	-1	-1	-1	-1	-1	-1	-1	-1	-1	-1	-1	-1	-1	-1	-1	"00,00,00,00,00,00,00,2000000,00,00,00,00,00,00,00,00,00"
guardian_player	31041	247	69	-1	-1	-1	-1	-1	-1	-1	-1	-1	-1	-1	-1	-1	-1	-1	"242,C0000000,20,00,00,00,00,4800000,00,00,00,00,00,00,00,00,00"
blademaster_player	31297	248	69	-1	-1	-1	-1	-1	-1	-1	-1	-1	-1	-1	-1	-1	-1	-1	"242,C0000000,20,00,00,00,00,9000000,00,00,00,00,00,00,00,00,00"
	0	-1	-1	-1	-1	-1	-1	-1	-1	-1	-1	-1	-1	-1	-1	-1	-1	-1	"00,00,00,00,00,00,00,10000000,00,00,00,00,00,00,00,00,00"
guardian_monster	12613	247	66	-1	-1	-1	-1	-1	-1	-1	-1	-1	-1	-1	-1	-1	-1	-1	"C2,C0000000,04,100,00,00,00,20800000,00,00,00,00,00,00,00,00,00"
blademaster_monster	12869	248	66	-1	-1	-1	-1	-1	-1	-1	-1	-1	-1	-1	-1	-1	-1	-1	"C2,C0000000,04,100,00,00,00,41000000,00,00,00,00,00,00,00,00,00"
	0	-1	-1	-1	-1	-1	-1	-1	-1	-1	-1	-1	-1	-1	-1	-1	-1	-1	"00,00,00,00,00,00,00,80000000,00,00,00,00,00,00,00,00,00"
engineer	12610	64	-1	-1	-1	-1	-1	-1	-1	-1	-1	-1	-1	-1	-1	-1	-1	15	"02,40000000,01,00,00,00,00,00,01,00,00,00,00,00,00,00,00"
marksman	12866	64	-1	-1	-1	-1	-1	-1	-1	-1	-1	-1	-1	-1	-1	-1	-1	16	"02,40000000,01,00,00,00,00,00,02,00,00,00,00,00,00,00,00"
	0	-1	-1	-1	-1	-1	-1	-1	-1	-1	-1	-1	-1	-1	-1	-1	-1	-1	"00,00,00,00,00,00,00,00,04,00,00,00,00,00,00,00,00"
engineer_player	13378	256	70	-1	-1	-1	-1	-1	-1	-1	-1	-1	-1	-1	-1	-1	-1	-1	"242,40000000,41,00,00,00,00,00,09,00,00,00,00,00,00,00,00"
marksman_player	13634	257	70	-1	-1	-1	-1	-1	-1	-1	-1	-1	-1	-1	-1	-1	-1	-1	"242,40000000,41,00,00,00,00,00,12,00,00,00,00,00,00,00,00"
	0	-1	-1	-1	-1	-1	-1	-1	-1	-1	-1	-1	-1	-1	-1	-1	-1	-1	"00,00,00,00,00,00,00,00,20,00,00,00,00,00,00,00,00"
engineer_monster	13381	256	67	-1	-1	-1	-1	-1	-1	-1	-1	-1	-1	-1	-1	-1	-1	-1	"C2,40000000,09,100,00,00,00,00,41,00,00,00,00,00,00,00,00"
marksman_monster	13637	257	67	-1	-1	-1	-1	-1	-1	-1	-1	-1	-1	-1	-1	-1	-1	-1	"C2,40000000,09,100,00,00,00,00,82,00,00,00,00,00,00,00,00"
	0	-1	-1	-1	-1	-1	-1	-1	-1	-1	-1	-1	-1	-1	-1	-1	-1	-1	"00,00,00,00,00,00,00,00,100,00,00,00,00,00,00,00,00"
summoner	14146	65	-1	-1	-1	-1	-1	-1	-1	-1	-1	-1	-1	-1	-1	-1	-1	12	"02,40000000,02,00,00,00,00,00,200,00,00,00,00,00,00,00,00"
evoker	14402	65	-1	-1	-1	-1	-1	-1	-1	-1	-1	-1	-1	-1	-1	-1	-1	13	"02,40000000,02,00,00,00,00,00,400,00,00,00,00,00,00,00,00"
	0	-1	-1	-1	-1	-1	-1	-1	-1	-1	-1	-1	-1	-1	-1	-1	-1	-1	"00,00,00,00,00,00,00,00,800,00,00,00,00,00,00,00,00"
summoner_player	16706	265	71	-1	-1	-1	-1	-1	-1	-1	-1	-1	-1	-1	-1	-1	-1	-1	"242,40000000,82,00,00,00,00,00,1200,00,00,00,00,00,00,00,00"
evoker_player	16962	266	71	-1	-1	-1	-1	-1	-1	-1	-1	-1	-1	-1	-1	-1	-1	-1	"242,40000000,82,00,00,00,00,00,2400,00,00,00,00,00,00,00,00"
	0	-1	-1	-1	-1	-1	-1	-1	-1	-1	-1	-1	-1	-1	-1	-1	-1	-1	"00,00,00,00,00,00,00,00,4000,00,00,00,00,00,00,00,00"
summoner_monster	14149	265	68	-1	-1	-1	-1	-1	-1	-1	-1	-1	-1	-1	-1	-1	-1	-1	"C2,40000000,12,100,00,00,00,00,8200,00,00,00,00,00,00,00,00"
evoker_monster	14405	266	68	-1	-1	-1	-1	-1	-1	-1	-1	-1	-1	-1	-1	-1	-1	-1	"C2,40000000,12,100,00,00,00,00,10400,00,00,00,00,00,00,00,00"
fellhound	17218	11	-1	-1	-1	-1	-1	-1	-1	-1	-1	-1	-1	-1	-1	-1	-1	-1	"8C2,00,00,00,00,00,00,00,20000,00,00,00,00,800000,00,00,00"
monster_notarget	17474	7	92	-1	-1	-1	-1	-1	-1	-1	-1	-1	-1	-1	-1	-1	-1	-1	"C2,00,10000000,00,00,00,00,00,40000,00,00,00,00,00,00,00,00"
	0	-1	-1	-1	-1	-1	-1	-1	-1	-1	-1	-1	-1	-1	-1	-1	-1	-1	"00,00,00,00,00,00,00,00,80000,00,00,00,00,00,00,00,00"
map_spawner	19266	1	-1	-1	-1	-1	-1	-1	-1	-1	-1	-1	-1	-1	-1	-1	-1	-1	"02,00,00,00,00,00,00,00,100000,00,00,00,00,00,00,00,00"
	0	-1	-1	-1	-1	-1	-1	-1	-1	-1	-1	-1	-1	-1	-1	-1	-1	-1	"00,00,00,00,00,00,00,00,200000,00,00,00,00,00,00,00,00"
	0	-1	-1	-1	-1	-1	-1	-1	-1	-1	-1	-1	-1	-1	-1	-1	-1	-1	"00,00,00,00,00,00,00,00,400000,00,00,00,00,00,00,00,00"
	0	-1	-1	-1	-1	-1	-1	-1	-1	-1	-1	-1	-1	-1	-1	-1	-1	-1	"00,00,00,00,00,00,00,00,800000,00,00,00,00,00,00,00,00"
	0	-1	-1	-1	-1	-1	-1	-1	-1	-1	-1	-1	-1	-1	-1	-1	-1	-1	"00,00,00,00,00,00,00,00,1000000,00,00,00,00,00,00,00,00"
	0	-1	-1	-1	-1	-1	-1	-1	-1	-1	-1	-1	-1	-1	-1	-1	-1	-1	"00,00,00,00,00,00,00,00,2000000,00,00,00,00,00,00,00,00"
	0	-1	-1	-1	-1	-1	-1	-1	-1	-1	-1	-1	-1	-1	-1	-1	-1	-1	"00,00,00,00,00,00,00,00,4000000,00,00,00,00,00,00,00,00"
	0	-1	-1	-1	-1	-1	-1	-1	-1	-1	-1	-1	-1	-1	-1	-1	-1	-1	"00,00,00,00,00,00,00,00,8000000,00,00,00,00,00,00,00,00"
maptrigger	19010	2	-1	-1	-1	-1	-1	-1	-1	-1	-1	-1	-1	-1	-1	-1	-1	-1	"06,00,00,00,00,00,00,00,10000000,00,00,00,00,00,00,00,00"
cannon	20034	7	-1	-1	-1	-1	-1	-1	-1	-1	-1	-1	-1	-1	-1	-1	-1	-1	"C2,00,00,00,00,00,00,00,20000000,00,00,00,00,00,00,00,00"
nightflier	20290	439	-1	-1	-1	-1	-1	-1	-1	-1	-1	-1	-1	-1	-1	-1	-1	-1	"C2,00,00,00,00,00,00,00,40000000,00,00,00,00,800000,00,00,00"
	0	-1	-1	-1	-1	-1	-1	-1	-1	-1	-1	-1	-1	-1	-1	-1	-1	-1	"00,00,00,00,00,00,00,00,80000000,00,00,00,00,00,00,00,00"
single_use_recipe	21058	130	-1	-1	-1	-1	-1	-1	-1	-1	-1	-1	-1	-1	-1	-1	-1	-1	"4002A,00,00,00,04,00,00,00,00,01,00,00,00,00,00,00,00"
wanted_stand	21314	7	-1	-1	-1	-1	-1	-1	-1	-1	-1	-1	-1	-1	-1	-1	-1	-1	"C2,00,00,00,00,00,00,00,00,02,00,00,00,00,00,00,00"
shield_prev	22338	16	39	-1	-1	-1	-1	-1	-1	-1	-1	-1	-1	-1	-1	-1	-1	-1	"1001A,80,00,00,00,00,00,00,00,04,00,00,00,00,10000000,00,00"
ugly	22594	384	-1	-1	-1	-1	-1	-1	-1	-1	-1	-1	-1	-1	-1	-1	-1	-1	"02,00,00,00,00,00,00,00,00,08,00,00,01,00,00,00,00"
ugly_monster	22850	291	7	-1	-1	-1	-1	-1	-1	-1	-1	-1	-1	-1	-1	-1	-1	-1	"C2,00,00,00,00,00,00,00,00,18,00,00,01,00,00,00,00"
ugly_spectral	25922	291	12	-1	-1	-1	-1	-1	-1	-1	-1	-1	-1	-1	-1	-1	-1	-1	"10C2,00,00,00,00,00,00,00,00,28,00,00,01,800000,00,00,00"
ugly_minor_pet_spectral	26178	291	165	-1	-1	-1	-1	-1	-1	-1	-1	-1	-1	-1	-1	-1	-1	-1	"10C2,00,00,240000,00,20,00,00,00,48,00,00,01,800000,00,00,00"
ugly_attacker	26434	1	-1	-1	-1	-1	-1	-1	-1	-1	-1	-1	-1	-1	-1	-1	-1	-1	"02,00,00,00,00,00,00,00,00,80,00,00,00,00,00,00,00"
ugly_attacker_missile	26690	295	8	-1	-1	-1	-1	-1	-1	-1	-1	-1	-1	-1	-1	-1	-1	-1	"102,00,00,00,00,00,00,00,00,180,00,00,00,00,00,00,00"
	0	-1	-1	-1	-1	-1	-1	-1	-1	-1	-1	-1	-1	-1	-1	-1	-1	-1	"00,00,00,00,00,00,00,00,00,200,00,00,00,00,00,00,00"
	0	-1	-1	-1	-1	-1	-1	-1	-1	-1	-1	-1	-1	-1	-1	-1	-1	-1	"00,00,00,00,00,00,00,00,00,400,00,00,00,00,00,00,00"
	0	-1	-1	-1	-1	-1	-1	-1	-1	-1	-1	-1	-1	-1	-1	-1	-1	-1	"00,00,00,00,00,00,00,00,00,800,00,00,00,00,00,00,00"
	0	-1	-1	-1	-1	-1	-1	-1	-1	-1	-1	-1	-1	-1	-1	-1	-1	-1	"00,00,00,00,00,00,00,00,00,1000,00,00,00,00,00,00,00"
	0	-1	-1	-1	-1	-1	-1	-1	-1	-1	-1	-1	-1	-1	-1	-1	-1	-1	"00,00,00,00,00,00,00,00,00,2000,00,00,00,00,00,00,00"
	0	-1	-1	-1	-1	-1	-1	-1	-1	-1	-1	-1	-1	-1	-1	-1	-1	-1	"00,00,00,00,00,00,00,00,00,4000,00,00,00,00,00,00,00"
chocolatefog	28226	7	-1	-1	-1	-1	-1	-1	-1	-1	-1	-1	-1	-1	-1	-1	-1	-1	"C2,00,00,00,00,00,00,00,00,8000,00,00,00,00,00,00,00"
hellball	28482	13	-1	-1	-1	-1	-1	-1	-1	-1	-1	-1	-1	-1	-1	-1	-1	-1	"20C2,00,00,00,00,00,00,00,00,10000,00,00,00,800000,00,00,00"
dye_kit	28738	3	-1	-1	-1	-1	-1	-1	-1	-1	-1	-1	-1	-1	-1	-1	-1	-1	"0A,00,00,00,00,00,00,00,00,20000,00,00,00,00,00,00,00"
train	28994	2	-1	-1	-1	-1	-1	-1	-1	-1	-1	-1	-1	-1	-1	-1	-1	-1	"06,00,00,00,00,00,00,00,00,40000,00,00,00,00,00,00,00"
beast_of_abbadon	29250	13	-1	-1	-1	-1	-1	-1	-1	-1	-1	-1	-1	-1	-1	-1	-1	-1	"20C2,00,00,00,00,00,00,00,00,80000,00,00,00,800000,00,00,00"
field_missile_fear	29506	238	-1	-1	-1	-1	-1	-1	-1	-1	-1	-1	-1	-1	-1	-1	-1	-1	"102,00,00,00,00,00,00,4000,00,100000,00,00,00,00,00,00,00"
field_missile_challenge	29762	238	-1	-1	-1	-1	-1	-1	-1	-1	-1	-1	-1	-1	-1	-1	-1	-1	"102,00,00,00,00,00,00,4000,00,200000,00,00,00,00,00,00,00"
field_missile_convert	30018	238	-1	-1	-1	-1	-1	-1	-1	-1	-1	-1	-1	-1	-1	-1	-1	-1	"102,00,00,00,00,00,00,4000,00,400000,00,00,00,00,00,00,00"
	0	-1	-1	-1	-1	-1	-1	-1	-1	-1	-1	-1	-1	-1	-1	-1	-1	-1	"00,00,00,00,00,00,00,00,00,800000,00,00,00,00,00,00,00"
	0	-1	-1	-1	-1	-1	-1	-1	-1	-1	-1	-1	-1	-1	-1	-1	-1	-1	"00,00,00,00,00,00,00,00,00,1000000,00,00,00,00,00,00,00"
	0	-1	-1	-1	-1	-1	-1	-1	-1	-1	-1	-1	-1	-1	-1	-1	-1	-1	"00,00,00,00,00,00,00,00,00,2000000,00,00,00,00,00,00,00"
templar_weapon	16708	16	-1	-1	-1	-1	-1	-1	-1	-1	-1	-1	-1	-1	-1	-1	-1	-1	"1001A,00,00,00,00,00,00,00,00,4000000,00,00,00,00,10000000,00,00"
cabalist_weapon	16964	16	-1	-1	-1	-1	-1	-1	-1	-1	-1	-1	-1	-1	-1	-1	-1	-1	"1001A,00,00,00,00,00,00,00,00,8000000,00,00,00,00,10000000,00,00"
hunter_weapon	17220	16	-1	-1	-1	-1	-1	-1	-1	-1	-1	-1	-1	-1	-1	-1	-1	-1	"1001A,00,00,00,00,00,00,00,00,10000000,00,00,00,00,10000000,00,00"
templar_gun1h	12611	47	314	-1	-1	-1	-1	-1	-1	-1	-1	-1	-1	-1	-1	-1	-1	476	"1001A,E020,00,00,00,00,00,00,00,24000000,00,00,00,00,10000000,00,00"
templar_gun2h	13379	48	314	-1	-1	-1	-1	-1	-1	-1	-1	-1	-1	-1	-1	-1	-1	477	"1001A,16040,00,00,00,00,00,00,00,44000000,00,00,00,00,10000000,00,00"
hunter_gun1h	31298	47	316	-1	-1	-1	-1	-1	-1	-1	-1	-1	-1	-1	-1	-1	-1	476	"1001A,E020,00,00,00,00,00,00,00,90000000,00,00,00,00,10000000,00,00"
hunter_gun2h	12355	48	316	-1	-1	-1	-1	-1	-1	-1	-1	-1	-1	-1	-1	-1	-1	477	"1001A,16040,00,00,00,00,00,00,00,10000000,01,00,00,00,10000000,00,00"
cabalist_gun1h	12867	47	315	-1	-1	-1	-1	-1	-1	-1	-1	-1	-1	-1	-1	-1	-1	476	"1001A,E020,00,00,00,00,00,00,00,8000000,02,00,00,00,10000000,00,00"
cabalist_gun2h	13123	48	315	-1	-1	-1	-1	-1	-1	-1	-1	-1	-1	-1	-1	-1	-1	477	"1001A,16040,00,00,00,00,00,00,00,8000000,04,00,00,00,10000000,00,00"
templar_gun1h_missile	22083	317	-1	-1	-1	-1	-1	-1	-1	-1	-1	-1	-1	-1	-1	-1	-1	476	"1001A,E020,00,00,00,00,00,00,00,24000000,08,00,00,00,10000000,00,00"
templar_gun2h_missile	22339	318	-1	-1	-1	-1	-1	-1	-1	-1	-1	-1	-1	-1	-1	-1	-1	477	"1001A,16040,00,00,00,00,00,00,00,44000000,10,00,00,00,10000000,00,00"
hunter_gun1h_missile	22595	319	-1	-1	-1	-1	-1	-1	-1	-1	-1	-1	-1	-1	-1	-1	-1	476	"1001A,E020,00,00,00,00,00,00,00,90000000,20,00,00,00,10000000,00,00"
hunter_gun2h_missile	22851	320	-1	-1	-1	-1	-1	-1	-1	-1	-1	-1	-1	-1	-1	-1	-1	477	"1001A,16040,00,00,00,00,00,00,00,10000000,41,00,00,00,10000000,00,00"
cabalist_gun1h_missile	23107	321	-1	-1	-1	-1	-1	-1	-1	-1	-1	-1	-1	-1	-1	-1	-1	476	"1001A,E020,00,00,00,00,00,00,00,8000000,82,00,00,00,10000000,00,00"
cabalist_gun2h_missile	24899	322	-1	-1	-1	-1	-1	-1	-1	-1	-1	-1	-1	-1	-1	-1	-1	477	"1001A,16040,00,00,00,00,00,00,00,8000000,104,00,00,00,10000000,00,00"
templar_gun1h_beam	25155	317	49	-1	-1	-1	-1	-1	-1	-1	-1	-1	-1	-1	-1	-1	-1	476	"1001A,2E020,00,00,00,00,00,00,00,24000000,200,00,00,00,10000000,00,00"
templar_gun2h_beam	25411	318	49	-1	-1	-1	-1	-1	-1	-1	-1	-1	-1	-1	-1	-1	-1	477	"1001A,36040,00,00,00,00,00,00,00,44000000,400,00,00,00,10000000,00,00"
hunter_gun1h_beam	25667	319	49	-1	-1	-1	-1	-1	-1	-1	-1	-1	-1	-1	-1	-1	-1	476	"1001A,2E020,00,00,00,00,00,00,00,90000000,800,00,00,00,10000000,00,00"
hunter_gun2h_beam	25923	320	49	-1	-1	-1	-1	-1	-1	-1	-1	-1	-1	-1	-1	-1	-1	477	"1001A,36040,00,00,00,00,00,00,00,10000000,1001,00,00,00,10000000,00,00"
cabalist_gun1h_beam	26179	321	49	-1	-1	-1	-1	-1	-1	-1	-1	-1	-1	-1	-1	-1	-1	476	"1001A,2E020,00,00,00,00,00,00,00,8000000,2002,00,00,00,10000000,00,00"
cabalist_gun2h_beam	26435	322	49	-1	-1	-1	-1	-1	-1	-1	-1	-1	-1	-1	-1	-1	-1	477	"1001A,36040,00,00,00,00,00,00,00,8000000,4004,00,00,00,10000000,00,00"
field_weapon	23108	16	-1	-1	-1	-1	-1	-1	-1	-1	-1	-1	-1	-1	-1	-1	-1	-1	"1001A,00,00,00,00,00,00,00,00,00,8000,00,00,00,10000000,00,00"
templar_gun2h_field	22340	330	335	-1	-1	-1	-1	-1	-1	-1	-1	-1	-1	-1	-1	-1	-1	477	"1001A,36040,00,00,00,00,00,00,00,44000000,18400,00,00,00,10000000,00,00"
hunter_gun2h_field	22596	332	335	-1	-1	-1	-1	-1	-1	-1	-1	-1	-1	-1	-1	-1	-1	477	"1001A,36040,00,00,00,00,00,00,00,10000000,29001,00,00,00,10000000,00,00"
cabalist_gun2h_field	22852	334	335	-1	-1	-1	-1	-1	-1	-1	-1	-1	-1	-1	-1	-1	-1	477	"1001A,36040,00,00,00,00,00,00,00,8000000,4C004,00,00,00,10000000,00,00"
templar_armor	20803	17	-1	-1	-1	-1	-1	-1	-1	-1	-1	-1	-1	-1	-1	-1	-1	-1	"2001A,00,00,00,00,00,00,00,00,00,80000,00,00,00,10000000,00,00"
hunter_armor	21059	17	-1	-1	-1	-1	-1	-1	-1	-1	-1	-1	-1	-1	-1	-1	-1	-1	"2001A,00,00,00,00,00,00,00,00,00,100000,00,00,00,10000000,00,00"
cabalist_armor	21315	17	-1	-1	-1	-1	-1	-1	-1	-1	-1	-1	-1	-1	-1	-1	-1	-1	"2001A,00,00,00,00,00,00,00,00,00,200000,00,00,00,10000000,00,00"
templar_helm	13635	26	339	-1	-1	-1	-1	-1	-1	-1	-1	-1	-1	-1	-1	-1	-1	-1	"402001A,00,00,00,00,00,00,00,00,00,480000,00,00,00,10000000,00,00"
templar_shoulderpads	13891	21	339	-1	-1	-1	-1	-1	-1	-1	-1	-1	-1	-1	-1	-1	-1	-1	"22001A,00,00,00,00,00,00,00,00,00,880000,00,00,00,10000000,00,00"
templar_torso	14147	27	339	-1	-1	-1	-1	-1	-1	-1	-1	-1	-1	-1	-1	-1	-1	-1	"802001A,00,00,00,00,00,00,00,00,00,1080000,00,00,00,10000000,00,00"
templar_arms	14403	28	339	-1	-1	-1	-1	-1	-1	-1	-1	-1	-1	-1	-1	-1	-1	-1	"1002001A,00,00,00,00,00,00,00,00,00,2080000,00,00,00,10000000,00,00"
templar_belt	14659	29	339	-1	-1	-1	-1	-1	-1	-1	-1	-1	-1	-1	-1	-1	-1	-1	"2002001A,00,00,00,00,00,00,00,00,00,4080000,00,00,00,10000000,00,00"
templar_legarmor	16707	31	339	-1	-1	-1	-1	-1	-1	-1	-1	-1	-1	-1	-1	-1	-1	-1	"8002001A,00,00,00,00,00,00,00,00,00,8080000,00,00,00,10000000,00,00"
templar_boots	16963	30	339	-1	-1	-1	-1	-1	-1	-1	-1	-1	-1	-1	-1	-1	-1	-1	"4002001A,00,00,00,00,00,00,00,00,00,10080000,00,00,00,10000000,00,00"
hunter_helm	17219	26	340	-1	-1	-1	-1	-1	-1	-1	-1	-1	-1	-1	-1	-1	-1	-1	"402001A,00,00,00,00,00,00,00,00,00,20100000,00,00,00,10000000,00,00"
hunter_shoulderpads	17475	21	340	-1	-1	-1	-1	-1	-1	-1	-1	-1	-1	-1	-1	-1	-1	-1	"22001A,00,00,00,00,00,00,00,00,00,40100000,00,00,00,10000000,00,00"
hunter_torso	17731	27	340	-1	-1	-1	-1	-1	-1	-1	-1	-1	-1	-1	-1	-1	-1	-1	"802001A,00,00,00,00,00,00,00,00,00,80100000,00,00,00,10000000,00,00"
hunter_arms	17987	28	340	-1	-1	-1	-1	-1	-1	-1	-1	-1	-1	-1	-1	-1	-1	-1	"1002001A,00,00,00,00,00,00,00,00,00,100000,01,00,00,10000000,00,00"
hunter_belt	18243	29	340	-1	-1	-1	-1	-1	-1	-1	-1	-1	-1	-1	-1	-1	-1	-1	"2002001A,00,00,00,00,00,00,00,00,00,100000,02,00,00,10000000,00,00"
hunter_legarmor	18499	31	340	-1	-1	-1	-1	-1	-1	-1	-1	-1	-1	-1	-1	-1	-1	-1	"8002001A,00,00,00,00,00,00,00,00,00,100000,04,00,00,10000000,00,00"
hunter_boots	18755	30	340	-1	-1	-1	-1	-1	-1	-1	-1	-1	-1	-1	-1	-1	-1	-1	"4002001A,00,00,00,00,00,00,00,00,00,100000,08,00,00,10000000,00,00"
cabalist_helm	19011	26	341	-1	-1	-1	-1	-1	-1	-1	-1	-1	-1	-1	-1	-1	-1	-1	"402001A,00,00,00,00,00,00,00,00,00,200000,10,00,00,10000000,00,00"
cabalist_shoulderpads	19267	21	341	-1	-1	-1	-1	-1	-1	-1	-1	-1	-1	-1	-1	-1	-1	-1	"22001A,00,00,00,00,00,00,00,00,00,200000,20,00,00,10000000,00,00"
cabalist_torso	19523	27	341	-1	-1	-1	-1	-1	-1	-1	-1	-1	-1	-1	-1	-1	-1	-1	"802001A,00,00,00,00,00,00,00,00,00,200000,40,00,00,10000000,00,00"
cabalist_arms	19779	28	341	-1	-1	-1	-1	-1	-1	-1	-1	-1	-1	-1	-1	-1	-1	-1	"1002001A,00,00,00,00,00,00,00,00,00,200000,80,00,00,10000000,00,00"
cabalist_belt	20035	29	341	-1	-1	-1	-1	-1	-1	-1	-1	-1	-1	-1	-1	-1	-1	-1	"2002001A,00,00,00,00,00,00,00,00,00,200000,100,00,00,10000000,00,00"
cabalist_legarmor	20291	31	341	-1	-1	-1	-1	-1	-1	-1	-1	-1	-1	-1	-1	-1	-1	-1	"8002001A,00,00,00,00,00,00,00,00,00,200000,200,00,00,10000000,00,00"
cabalist_boots	20547	30	341	-1	-1	-1	-1	-1	-1	-1	-1	-1	-1	-1	-1	-1	-1	-1	"4002001A,00,00,00,00,00,00,00,00,00,200000,400,00,00,10000000,00,00"
environment_monster	21571	7	-1	-1	-1	-1	-1	-1	-1	-1	-1	-1	-1	-1	-1	-1	-1	-1	"C2,00,00,00,00,00,00,00,00,00,00,800,00,00,00,00,00"
quest_object_interact_lvl_start	26691	224	-1	-1	-1	-1	-1	-1	-1	-1	-1	-1	-1	-1	-1	-1	-1	-1	"06,00,00,00,00,00,00,01,00,00,00,1000,00,00,00,00,00"
quest_object_interact_lvl_end	26947	224	-1	-1	-1	-1	-1	-1	-1	-1	-1	-1	-1	-1	-1	-1	-1	-1	"06,00,00,00,00,00,00,01,00,00,00,2000,00,00,00,00,00"
warp_party_member_enter	27203	170	-1	-1	-1	-1	-1	-1	-1	-1	-1	-1	-1	-1	-1	-1	-1	-1	"06,00,00,00,00,400,00,00,00,00,00,4000,00,00,00,00,00"
warp_party_member_exit	27715	2	-1	-1	-1	-1	-1	-1	-1	-1	-1	-1	-1	-1	-1	-1	-1	-1	"06,00,00,00,00,00,00,00,00,00,00,8000,00,00,00,00,00"
	0	-1	-1	-1	-1	-1	-1	-1	-1	-1	-1	-1	-1	-1	-1	-1	-1	-1	"00,00,00,00,00,00,00,00,00,00,00,10000,00,00,00,00,00"
	0	-1	-1	-1	-1	-1	-1	-1	-1	-1	-1	-1	-1	-1	-1	-1	-1	-1	"00,00,00,00,00,00,00,00,00,00,00,20000,00,00,00,00,00"
scrap	28227	18	-1	-1	-1	-1	-1	-1	-1	-1	-1	-1	-1	-1	-1	-1	-1	-1	"4002A,00,00,00,00,00,00,00,00,00,00,40000,00,00,00,00,00"
anchorstone	28483	3	-1	-1	-1	-1	-1	-1	-1	-1	-1	-1	-1	-1	-1	-1	-1	478	"0A,00,00,00,00,00,00,00,00,00,00,80000,00,00,00,00,00"
major_pet_carnagor	28739	118	-1	-1	-1	-1	-1	-1	-1	-1	-1	-1	-1	-1	-1	-1	-1	-1	"8C2,00,00,540000,00,00,00,00,00,00,00,100000,00,800000,00,00,00"
beast_urax	28995	150	-1	-1	-1	-1	-1	-1	-1	-1	-1	-1	-1	-1	-1	-1	-1	-1	"40C2,00,00,00,400000,00,00,00,00,00,00,200000,00,800000,00,00,00"
beast_urax_greater	29251	373	-1	-1	-1	-1	-1	-1	-1	-1	-1	-1	-1	-1	-1	-1	-1	-1	"40C2,00,00,00,400000,00,00,00,00,00,00,600000,00,800000,00,00,00"
starting_item	29507	-1	-1	-1	-1	-1	-1	-1	-1	-1	-1	-1	-1	-1	-1	-1	-1	-1	"00,00,00,00,00,00,00,00,00,00,00,800000,00,00,00,00,00"
	0	-1	-1	-1	-1	-1	-1	-1	-1	-1	-1	-1	-1	-1	-1	-1	-1	-1	"00,00,00,00,00,00,00,00,00,00,00,1000000,00,00,00,00,00"
	0	-1	-1	-1	-1	-1	-1	-1	-1	-1	-1	-1	-1	-1	-1	-1	-1	-1	"00,00,00,00,00,00,00,00,00,00,00,2000000,00,00,00,00,00"
	0	-1	-1	-1	-1	-1	-1	-1	-1	-1	-1	-1	-1	-1	-1	-1	-1	-1	"00,00,00,00,00,00,00,00,00,00,00,4000000,00,00,00,00,00"
warp_no_ui	30531	170	-1	-1	-1	-1	-1	-1	-1	-1	-1	-1	-1	-1	-1	-1	-1	-1	"06,00,00,00,00,400,00,00,00,00,00,8000000,00,00,00,00,00"
	0	-1	-1	-1	-1	-1	-1	-1	-1	-1	-1	-1	-1	-1	-1	-1	-1	-1	"00,00,00,00,00,00,00,00,00,00,00,10000000,00,00,00,00,00"
	0	-1	-1	-1	-1	-1	-1	-1	-1	-1	-1	-1	-1	-1	-1	-1	-1	-1	"00,00,00,00,00,00,00,00,00,00,00,20000000,00,00,00,00,00"
	0	-1	-1	-1	-1	-1	-1	-1	-1	-1	-1	-1	-1	-1	-1	-1	-1	-1	"00,00,00,00,00,00,00,00,00,00,00,40000000,00,00,00,00,00"
	0	-1	-1	-1	-1	-1	-1	-1	-1	-1	-1	-1	-1	-1	-1	-1	-1	-1	"00,00,00,00,00,00,00,00,00,00,00,80000000,00,00,00,00,00"
ugly_defender	12612	1	-1	-1	-1	-1	-1	-1	-1	-1	-1	-1	-1	-1	-1	-1	-1	-1	"02,00,00,00,00,00,00,00,00,00,00,00,01,00,00,00,00"
harp	12868	1	-1	-1	-1	-1	-1	-1	-1	-1	-1	-1	-1	-1	-1	-1	-1	-1	"02,00,00,00,00,00,00,00,00,00,00,00,02,00,00,00,00"
harp1h	13124	385	333	-1	-1	-1	-1	-1	-1	-1	-1	-1	-1	-1	-1	-1	-1	-1	"1001A,2E020,00,00,00,00,00,00,00,8000000,2002,00,06,00,10000000,00,00"
harp2h	13380	385	334	-1	-1	-1	-1	-1	-1	-1	-1	-1	-1	-1	-1	-1	-1	-1	"1001A,36040,00,00,00,00,00,00,00,8000000,4004,00,0A,00,10000000,00,00"
field_missile_stop	13636	238	-1	-1	-1	-1	-1	-1	-1	-1	-1	-1	-1	-1	-1	-1	-1	-1	"102,00,00,00,00,00,00,4000,00,00,00,00,10,00,00,00,00"
warp_recall	17476	170	-1	-1	-1	-1	-1	-1	-1	-1	-1	-1	-1	-1	-1	-1	-1	-1	"06,00,00,00,00,400,00,00,00,00,00,00,20,00,00,00,00"
warp_recall_enter	17732	389	-1	-1	-1	-1	-1	-1	-1	-1	-1	-1	-1	-1	-1	-1	-1	-1	"06,00,00,00,00,400,00,00,00,00,00,00,60,00,00,00,00"
warp_recall_exit	17988	389	-1	-1	-1	-1	-1	-1	-1	-1	-1	-1	-1	-1	-1	-1	-1	-1	"06,00,00,00,00,400,00,00,00,00,00,00,A0,00,00,00,00"
	0	-1	-1	-1	-1	-1	-1	-1	-1	-1	-1	-1	-1	-1	-1	-1	-1	-1	"00,00,00,00,00,00,00,00,00,00,00,00,100,00,00,00,00"
	0	-1	-1	-1	-1	-1	-1	-1	-1	-1	-1	-1	-1	-1	-1	-1	-1	-1	"00,00,00,00,00,00,00,00,00,00,00,00,200,00,00,00,00"
	0	-1	-1	-1	-1	-1	-1	-1	-1	-1	-1	-1	-1	-1	-1	-1	-1	-1	"00,00,00,00,00,00,00,00,00,00,00,00,400,00,00,00,00"
	0	-1	-1	-1	-1	-1	-1	-1	-1	-1	-1	-1	-1	-1	-1	-1	-1	-1	"00,00,00,00,00,00,00,00,00,00,00,00,800,00,00,00,00"
	0	-1	-1	-1	-1	-1	-1	-1	-1	-1	-1	-1	-1	-1	-1	-1	-1	-1	"00,00,00,00,00,00,00,00,00,00,00,00,1000,00,00,00,00"
	0	-1	-1	-1	-1	-1	-1	-1	-1	-1	-1	-1	-1	-1	-1	-1	-1	-1	"00,00,00,00,00,00,00,00,00,00,00,00,2000,00,00,00,00"
hive_weapon	20036	1	-1	-1	-1	-1	-1	-1	-1	-1	-1	-1	-1	-1	-1	-1	-1	-1	"02,00,00,00,00,00,00,00,00,00,00,00,4000,00,00,00,00"
gun1h_hive	20292	47	398	-1	-1	-1	-1	-1	-1	-1	-1	-1	-1	-1	-1	-1	-1	-1	"1001A,E020,00,00,00,00,00,00,00,00,00,00,C000,00,10000000,00,00"
gun2h_hive	20548	48	398	-1	-1	-1	-1	-1	-1	-1	-1	-1	-1	-1	-1	-1	-1	-1	"1001A,16040,00,00,00,00,00,00,00,00,00,00,14000,00,10000000,00,00"
cabalist_gun1h_hive	20804	321	398	-1	-1	-1	-1	-1	-1	-1	-1	-1	-1	-1	-1	-1	-1	-1	"1001A,E020,00,00,00,00,00,00,00,8000000,02,00,24000,00,10000000,00,00"
cabalist_gun2h_hive	21060	322	398	-1	-1	-1	-1	-1	-1	-1	-1	-1	-1	-1	-1	-1	-1	-1	"1001A,16040,00,00,00,00,00,00,00,8000000,04,00,44000,00,10000000,00,00"
sword_hive	21316	44	398	-1	-1	-1	-1	-1	-1	-1	-1	-1	-1	-1	-1	-1	-1	-1	"1001A,1800,00,00,00,00,00,100000,00,4000000,00,00,84000,00,10000000,00,00"
	0	-1	-1	-1	-1	-1	-1	-1	-1	-1	-1	-1	-1	-1	-1	-1	-1	-1	"00,00,00,00,00,00,00,00,00,00,00,00,100000,00,00,00,00"
	0	-1	-1	-1	-1	-1	-1	-1	-1	-1	-1	-1	-1	-1	-1	-1	-1	-1	"00,00,00,00,00,00,00,00,00,00,00,00,200000,00,00,00,00"
	0	-1	-1	-1	-1	-1	-1	-1	-1	-1	-1	-1	-1	-1	-1	-1	-1	-1	"00,00,00,00,00,00,00,00,00,00,00,00,400000,00,00,00,00"
	0	-1	-1	-1	-1	-1	-1	-1	-1	-1	-1	-1	-1	-1	-1	-1	-1	-1	"00,00,00,00,00,00,00,00,00,00,00,00,800000,00,00,00,00"
	0	-1	-1	-1	-1	-1	-1	-1	-1	-1	-1	-1	-1	-1	-1	-1	-1	-1	"00,00,00,00,00,00,00,00,00,00,00,00,1000000,00,00,00,00"
	0	-1	-1	-1	-1	-1	-1	-1	-1	-1	-1	-1	-1	-1	-1	-1	-1	-1	"00,00,00,00,00,00,00,00,00,00,00,00,2000000,00,00,00,00"
	0	-1	-1	-1	-1	-1	-1	-1	-1	-1	-1	-1	-1	-1	-1	-1	-1	-1	"00,00,00,00,00,00,00,00,00,00,00,00,4000000,00,00,00,00"
	0	-1	-1	-1	-1	-1	-1	-1	-1	-1	-1	-1	-1	-1	-1	-1	-1	-1	"00,00,00,00,00,00,00,00,00,00,00,00,8000000,00,00,00,00"
	0	-1	-1	-1	-1	-1	-1	-1	-1	-1	-1	-1	-1	-1	-1	-1	-1	-1	"00,00,00,00,00,00,00,00,00,00,00,00,10000000,00,00,00,00"
	0	-1	-1	-1	-1	-1	-1	-1	-1	-1	-1	-1	-1	-1	-1	-1	-1	-1	"00,00,00,00,00,00,00,00,00,00,00,00,20000000,00,00,00,00"
	0	-1	-1	-1	-1	-1	-1	-1	-1	-1	-1	-1	-1	-1	-1	-1	-1	-1	"00,00,00,00,00,00,00,00,00,00,00,00,40000000,00,00,00,00"
	0	-1	-1	-1	-1	-1	-1	-1	-1	-1	-1	-1	-1	-1	-1	-1	-1	-1	"00,00,00,00,00,00,00,00,00,00,00,00,80000000,00,00,00,00"
	0	-1	-1	-1	-1	-1	-1	-1	-1	-1	-1	-1	-1	-1	-1	-1	-1	-1	"00,00,00,00,00,00,00,00,00,00,00,00,00,01,00,00,00"
	0	-1	-1	-1	-1	-1	-1	-1	-1	-1	-1	-1	-1	-1	-1	-1	-1	-1	"00,00,00,00,00,00,00,00,00,00,00,00,00,02,00,00,00"
revealer	28996	314	-1	-1	-1	-1	-1	-1	-1	-1	-1	-1	-1	-1	-1	-1	-1	-1	"1001A,00,00,00,00,00,00,00,00,4000000,00,00,00,04,10000000,00,00"
revealer_1h	29252	418	317	-1	-1	-1	-1	-1	-1	-1	-1	-1	-1	-1	-1	-1	-1	-1	"1001A,E020,00,00,00,00,00,00,00,24000000,00,00,00,0C,10000000,00,00"
revealer_2h	29508	418	318	-1	-1	-1	-1	-1	-1	-1	-1	-1	-1	-1	-1	-1	-1	-1	"1001A,16040,00,00,00,00,00,00,00,44000000,00,00,00,14,10000000,00,00"
eel_launcher	29764	322	-1	-1	-1	-1	-1	-1	-1	-1	-1	-1	-1	-1	-1	-1	-1	-1	"1001A,16040,00,00,00,00,00,00,00,8000000,04,00,00,20,10000000,00,00"
	0	-1	-1	-1	-1	-1	-1	-1	-1	-1	-1	-1	-1	-1	-1	-1	-1	-1	"00,00,00,00,00,00,00,00,00,00,00,00,00,40,00,00,00"
	0	-1	-1	-1	-1	-1	-1	-1	-1	-1	-1	-1	-1	-1	-1	-1	-1	-1	"00,00,00,00,00,00,00,00,00,00,00,00,00,80,00,00,00"
opener	30532	3	-1	-1	-1	-1	-1	-1	-1	-1	-1	-1	-1	-1	-1	-1	-1	-1	"0A,00,00,00,00,00,00,00,00,00,00,00,00,100,00,00,00"
key	30788	424	18	-1	-1	-1	-1	-1	-1	-1	-1	-1	-1	-1	-1	-1	-1	-1	"4002A,00,00,00,00,00,00,00,00,00,00,00,00,300,00,00,00"
masterkey	31044	424	18	-1	-1	-1	-1	-1	-1	-1	-1	-1	-1	-1	-1	-1	-1	-1	"4002A,00,00,00,00,00,00,00,00,00,00,00,00,500,00,00,00"
	0	-1	-1	-1	-1	-1	-1	-1	-1	-1	-1	-1	-1	-1	-1	-1	-1	-1	"00,00,00,00,00,00,00,00,00,00,00,00,00,800,00,00,00"
	0	-1	-1	-1	-1	-1	-1	-1	-1	-1	-1	-1	-1	-1	-1	-1	-1	-1	"00,00,00,00,00,00,00,00,00,00,00,00,00,1000,00,00,00"
	0	-1	-1	-1	-1	-1	-1	-1	-1	-1	-1	-1	-1	-1	-1	-1	-1	-1	"00,00,00,00,00,00,00,00,00,00,00,00,00,2000,00,00,00"
	0	-1	-1	-1	-1	-1	-1	-1	-1	-1	-1	-1	-1	-1	-1	-1	-1	-1	"00,00,00,00,00,00,00,00,00,00,00,00,00,4000,00,00,00"
	0	-1	-1	-1	-1	-1	-1	-1	-1	-1	-1	-1	-1	-1	-1	-1	-1	-1	"00,00,00,00,00,00,00,00,00,00,00,00,00,8000,00,00,00"
	0	-1	-1	-1	-1	-1	-1	-1	-1	-1	-1	-1	-1	-1	-1	-1	-1	-1	"00,00,00,00,00,00,00,00,00,00,00,00,00,10000,00,00,00"
	0	-1	-1	-1	-1	-1	-1	-1	-1	-1	-1	-1	-1	-1	-1	-1	-1	-1	"00,00,00,00,00,00,00,00,00,00,00,00,00,20000,00,00,00"
	0	-1	-1	-1	-1	-1	-1	-1	-1	-1	-1	-1	-1	-1	-1	-1	-1	-1	"00,00,00,00,00,00,00,00,00,00,00,00,00,40000,00,00,00"
	0	-1	-1	-1	-1	-1	-1	-1	-1	-1	-1	-1	-1	-1	-1	-1	-1	-1	"00,00,00,00,00,00,00,00,00,00,00,00,00,80000,00,00,00"
	0	-1	-1	-1	-1	-1	-1	-1	-1	-1	-1	-1	-1	-1	-1	-1	-1	-1	"00,00,00,00,00,00,00,00,00,00,00,00,00,100000,00,00,00"
	0	-1	-1	-1	-1	-1	-1	-1	-1	-1	-1	-1	-1	-1	-1	-1	-1	-1	"00,00,00,00,00,00,00,00,00,00,00,00,00,200000,00,00,00"
	0	-1	-1	-1	-1	-1	-1	-1	-1	-1	-1	-1	-1	-1	-1	-1	-1	-1	"00,00,00,00,00,00,00,00,00,00,00,00,00,400000,00,00,00"
monster_foe	19013	7	-1	-1	-1	-1	-1	-1	-1	-1	-1	-1	-1	-1	-1	-1	-1	-1	"C2,00,00,00,00,00,00,00,00,00,00,00,00,800000,00,00,00"
	0	-1	-1	-1	-1	-1	-1	-1	-1	-1	-1	-1	-1	-1	-1	-1	-1	-1	"00,00,00,00,00,00,00,00,00,00,00,00,00,1000000,00,00,00"
	0	-1	-1	-1	-1	-1	-1	-1	-1	-1	-1	-1	-1	-1	-1	-1	-1	-1	"00,00,00,00,00,00,00,00,00,00,00,00,00,2000000,00,00,00"
	0	-1	-1	-1	-1	-1	-1	-1	-1	-1	-1	-1	-1	-1	-1	-1	-1	-1	"00,00,00,00,00,00,00,00,00,00,00,00,00,4000000,00,00,00"
	0	-1	-1	-1	-1	-1	-1	-1	-1	-1	-1	-1	-1	-1	-1	-1	-1	-1	"00,00,00,00,00,00,00,00,00,00,00,00,00,8000000,00,00,00"
minor_pet_follower	20293	117	-1	-1	-1	-1	-1	-1	-1	-1	-1	-1	-1	-1	-1	-1	-1	-1	"C2,00,00,240000,00,00,00,00,00,00,00,00,00,10000000,00,00,00"
abomination	20549	10	150	-1	-1	-1	-1	-1	-1	-1	-1	-1	-1	-1	-1	-1	-1	-1	"44C2,00,00,00,400000,00,00,00,00,00,00,00,00,20800000,00,00,00"
	0	-1	-1	-1	-1	-1	-1	-1	-1	-1	-1	-1	-1	-1	-1	-1	-1	-1	"00,00,00,00,00,00,00,00,00,00,00,00,00,40000000,00,00,00"
	0	-1	-1	-1	-1	-1	-1	-1	-1	-1	-1	-1	-1	-1	-1	-1	-1	-1	"00,00,00,00,00,00,00,00,00,00,00,00,00,80000000,00,00,00"
halloween_candy	21317	202	-1	-1	-1	-1	-1	-1	-1	-1	-1	-1	-1	-1	-1	-1	-1	-1	"4002A,00,00,00,04,00,400,00,00,00,00,00,00,00,01,00,00"
halloween_sugarbomb	21573	448	-1	-1	-1	-1	-1	-1	-1	-1	-1	-1	-1	-1	-1	-1	-1	-1	"4002A,00,00,00,04,00,400,00,00,00,00,00,00,00,03,00,00"
halloween_ghostcandy	21829	448	-1	-1	-1	-1	-1	-1	-1	-1	-1	-1	-1	-1	-1	-1	-1	-1	"4002A,00,00,00,04,00,400,00,00,00,00,00,00,00,05,00,00"
halloween_firecandy	22853	448	-1	-1	-1	-1	-1	-1	-1	-1	-1	-1	-1	-1	-1	-1	-1	-1	"4002A,00,00,00,04,00,400,00,00,00,00,00,00,00,09,00,00"
halloween_candyapple	24901	448	-1	-1	-1	-1	-1	-1	-1	-1	-1	-1	-1	-1	-1	-1	-1	-1	"4002A,00,00,00,04,00,400,00,00,00,00,00,00,00,11,00,00"
halloween_butterbeer	25157	448	-1	-1	-1	-1	-1	-1	-1	-1	-1	-1	-1	-1	-1	-1	-1	-1	"4002A,00,00,00,04,00,400,00,00,00,00,00,00,00,21,00,00"
halloween_gummy_zombot	25413	448	-1	-1	-1	-1	-1	-1	-1	-1	-1	-1	-1	-1	-1	-1	-1	-1	"4002A,00,00,00,04,00,400,00,00,00,00,00,00,00,41,00,00"
fawkesday_grenade	22085	456	-1	-1	-1	-1	-1	-1	-1	-1	-1	-1	-1	-1	-1	-1	-1	-1	"4002A,00,00,00,04,00,00,00,00,00,00,00,00,00,180,00,00"
fawkesday_consumable	22341	130	-1	-1	-1	-1	-1	-1	-1	-1	-1	-1	-1	-1	-1	-1	-1	-1	"4002A,00,00,00,04,00,00,00,00,00,00,00,00,00,100,00,00"
	0	-1	-1	-1	-1	-1	-1	-1	-1	-1	-1	-1	-1	-1	-1	-1	-1	-1	"00,00,00,00,00,00,00,00,00,00,00,00,00,00,200,00,00"
	0	-1	-1	-1	-1	-1	-1	-1	-1	-1	-1	-1	-1	-1	-1	-1	-1	-1	"00,00,00,00,00,00,00,00,00,00,00,00,00,00,400,00,00"
	0	-1	-1	-1	-1	-1	-1	-1	-1	-1	-1	-1	-1	-1	-1	-1	-1	-1	"00,00,00,00,00,00,00,00,00,00,00,00,00,00,800,00,00"
	0	-1	-1	-1	-1	-1	-1	-1	-1	-1	-1	-1	-1	-1	-1	-1	-1	-1	"00,00,00,00,00,00,00,00,00,00,00,00,00,00,1000,00,00"
	0	-1	-1	-1	-1	-1	-1	-1	-1	-1	-1	-1	-1	-1	-1	-1	-1	-1	"00,00,00,00,00,00,00,00,00,00,00,00,00,00,2000,00,00"
	0	-1	-1	-1	-1	-1	-1	-1	-1	-1	-1	-1	-1	-1	-1	-1	-1	-1	"00,00,00,00,00,00,00,00,00,00,00,00,00,00,4000,00,00"
	0	-1	-1	-1	-1	-1	-1	-1	-1	-1	-1	-1	-1	-1	-1	-1	-1	-1	"00,00,00,00,00,00,00,00,00,00,00,00,00,00,8000,00,00"
	0	-1	-1	-1	-1	-1	-1	-1	-1	-1	-1	-1	-1	-1	-1	-1	-1	-1	"00,00,00,00,00,00,00,00,00,00,00,00,00,00,10000,00,00"
zombie_no_gore	25669	132	-1	-1	-1	-1	-1	-1	-1	-1	-1	-1	-1	-1	-1	-1	-1	-1	"44C2,00,00,00,400010,00,00,00,00,00,00,00,00,800000,20000,00,00"
orbile	25925	12	-1	-1	-1	-1	-1	-1	-1	-1	-1	-1	-1	-1	-1	-1	-1	-1	"10C2,00,00,00,00,00,00,00,00,00,00,00,00,800000,40000,00,00"
stalker	26181	11	-1	-1	-1	-1	-1	-1	-1	-1	-1	-1	-1	-1	-1	-1	-1	-1	"8C2,00,00,00,00,00,00,00,00,00,00,00,00,800000,80000,00,00"
ravager	26437	11	-1	-1	-1	-1	-1	-1	-1	-1	-1	-1	-1	-1	-1	-1	-1	-1	"8C2,00,00,00,00,00,00,00,00,00,00,00,00,800000,100000,00,00"
guild_herald	28741	130	-1	-1	-1	-1	-1	-1	-1	-1	-1	-1	-1	-1	-1	-1	-1	-1	"4002A,00,00,00,04,00,00,00,00,00,00,00,00,00,200000,00,00"
	0	-1	-1	-1	-1	-1	-1	-1	-1	-1	-1	-1	-1	-1	-1	-1	-1	-1	"00,00,00,00,00,00,00,00,00,00,00,00,00,00,400000,00,00"
	0	-1	-1	-1	-1	-1	-1	-1	-1	-1	-1	-1	-1	-1	-1	-1	-1	-1	"00,00,00,00,00,00,00,00,00,00,00,00,00,00,800000,00,00"
	0	-1	-1	-1	-1	-1	-1	-1	-1	-1	-1	-1	-1	-1	-1	-1	-1	-1	"00,00,00,00,00,00,00,00,00,00,00,00,00,00,1000000,00,00"
fawkes_force_five	29765	18	-1	-1	-1	-1	-1	-1	-1	-1	-1	-1	-1	-1	-1	-1	-1	-1	"4002A,00,00,00,00,00,00,00,00,00,00,00,00,00,2000000,00,00"
	0	-1	-1	-1	-1	-1	-1	-1	-1	-1	-1	-1	-1	-1	-1	-1	-1	-1	"00,00,00,00,00,00,00,00,00,00,00,00,00,00,4000000,00,00"
	0	-1	-1	-1	-1	-1	-1	-1	-1	-1	-1	-1	-1	-1	-1	-1	-1	-1	"00,00,00,00,00,00,00,00,00,00,00,00,00,00,8000000,00,00"
equipable	30533	3	-1	-1	-1	-1	-1	-1	-1	-1	-1	-1	-1	-1	-1	-1	-1	-1	"0A,00,00,00,00,00,00,00,00,00,00,00,00,00,10000000,00,00"
	0	-1	-1	-1	-1	-1	-1	-1	-1	-1	-1	-1	-1	-1	-1	-1	-1	-1	"00,00,00,00,00,00,00,00,00,00,00,00,00,00,20000000,00,00"
	0	-1	-1	-1	-1	-1	-1	-1	-1	-1	-1	-1	-1	-1	-1	-1	-1	-1	"00,00,00,00,00,00,00,00,00,00,00,00,00,00,40000000,00,00"
	0	-1	-1	-1	-1	-1	-1	-1	-1	-1	-1	-1	-1	-1	-1	-1	-1	-1	"00,00,00,00,00,00,00,00,00,00,00,00,00,00,80000000,00,00"
	0	-1	-1	-1	-1	-1	-1	-1	-1	-1	-1	-1	-1	-1	-1	-1	-1	-1	"00,00,00,00,00,00,00,00,00,00,00,00,00,00,00,01,00"
	0	-1	-1	-1	-1	-1	-1	-1	-1	-1	-1	-1	-1	-1	-1	-1	-1	-1	"00,00,00,00,00,00,00,00,00,00,00,00,00,00,00,02,00"
	0	-1	-1	-1	-1	-1	-1	-1	-1	-1	-1	-1	-1	-1	-1	-1	-1	-1	"00,00,00,00,00,00,00,00,00,00,00,00,00,00,00,04,00"
	0	-1	-1	-1	-1	-1	-1	-1	-1	-1	-1	-1	-1	-1	-1	-1	-1	-1	"00,00,00,00,00,00,00,00,00,00,00,00,00,00,00,08,00"
cube	13382	18	-1	-1	-1	-1	-1	-1	-1	-1	-1	-1	-1	-1	-1	-1	-1	-1	"4002A,00,00,00,00,00,00,00,00,00,00,00,00,00,00,10,00"
colossus_pet_minor	13638	117	-1	-1	-1	-1	-1	-1	-1	-1	-1	-1	-1	-1	-1	-1	-1	-1	"C2,00,00,240000,00,00,00,00,00,00,00,00,00,00,00,20,00"
essence_beast	13894	18	-1	-1	-1	-1	-1	-1	-1	-1	-1	-1	-1	-1	-1	-1	-1	-1	"4002A,00,00,00,00,00,00,00,00,00,00,00,00,00,00,40,00"
essence_demon	14150	18	-1	-1	-1	-1	-1	-1	-1	-1	-1	-1	-1	-1	-1	-1	-1	-1	"4002A,00,00,00,00,00,00,00,00,00,00,00,00,00,00,80,00"
essence_necro	14406	18	-1	-1	-1	-1	-1	-1	-1	-1	-1	-1	-1	-1	-1	-1	-1	-1	"4002A,00,00,00,00,00,00,00,00,00,00,00,00,00,00,100,00"
essence_spectral	14662	18	-1	-1	-1	-1	-1	-1	-1	-1	-1	-1	-1	-1	-1	-1	-1	-1	"4002A,00,00,00,00,00,00,00,00,00,00,00,00,00,00,200,00"
nanoshard	16710	370	-1	-1	-1	-1	-1	-1	-1	-1	-1	-1	-1	-1	-1	-1	-1	-1	"4002A,00,00,00,00,00,00,00,00,00,00,40000,00,00,00,400,00"
	0	-1	-1	-1	-1	-1	-1	-1	-1	-1	-1	-1	-1	-1	-1	-1	-1	-1	"00,00,00,00,00,00,00,00,00,00,00,00,00,00,00,800,00"
	0	-1	-1	-1	-1	-1	-1	-1	-1	-1	-1	-1	-1	-1	-1	-1	-1	-1	"00,00,00,00,00,00,00,00,00,00,00,00,00,00,00,1000,00"
	0	-1	-1	-1	-1	-1	-1	-1	-1	-1	-1	-1	-1	-1	-1	-1	-1	-1	"00,00,00,00,00,00,00,00,00,00,00,00,00,00,00,2000,00"
reaper_pet	17734	11	118	-1	-1	-1	-1	-1	-1	-1	-1	-1	-1	-1	-1	-1	-1	-1	"8C2,00,00,540000,00,00,00,00,00,00,00,00,00,800000,00,4000,00"
	0	-1	-1	-1	-1	-1	-1	-1	-1	-1	-1	-1	-1	-1	-1	-1	-1	-1	"00,00,00,00,00,00,00,00,00,00,00,00,00,00,00,8000,00"
	0	-1	-1	-1	-1	-1	-1	-1	-1	-1	-1	-1	-1	-1	-1	-1	-1	-1	"00,00,00,00,00,00,00,00,00,00,00,00,00,00,00,10000,00"
	0	-1	-1	-1	-1	-1	-1	-1	-1	-1	-1	-1	-1	-1	-1	-1	-1	-1	"00,00,00,00,00,00,00,00,00,00,00,00,00,00,00,20000,00"
field_missile_flash	18502	238	-1	-1	-1	-1	-1	-1	-1	-1	-1	-1	-1	-1	-1	-1	-1	-1	"102,00,00,00,00,00,00,4000,00,00,00,00,00,00,00,40000,00"
	0	-1	-1	-1	-1	-1	-1	-1	-1	-1	-1	-1	-1	-1	-1	-1	-1	-1	"00,00,00,00,00,00,00,00,00,00,00,00,00,00,00,80000,00"
	0	-1	-1	-1	-1	-1	-1	-1	-1	-1	-1	-1	-1	-1	-1	-1	-1	-1	"00,00,00,00,00,00,00,00,00,00,00,00,00,00,00,100000,00"
	0	-1	-1	-1	-1	-1	-1	-1	-1	-1	-1	-1	-1	-1	-1	-1	-1	-1	"00,00,00,00,00,00,00,00,00,00,00,00,00,00,00,200000,00"
	0	-1	-1	-1	-1	-1	-1	-1	-1	-1	-1	-1	-1	-1	-1	-1	-1	-1	"00,00,00,00,00,00,00,00,00,00,00,00,00,00,00,400000,00"
	0	-1	-1	-1	-1	-1	-1	-1	-1	-1	-1	-1	-1	-1	-1	-1	-1	-1	"00,00,00,00,00,00,00,00,00,00,00,00,00,00,00,800000,00"
pvpportal	19782	2	-1	-1	-1	-1	-1	-1	-1	-1	-1	-1	-1	-1	-1	-1	-1	-1	"06,00,00,00,00,00,00,00,00,00,00,00,00,00,00,1000000,00"
respec	20038	18	-1	-1	-1	-1	-1	-1	-1	-1	-1	-1	-1	-1	-1	-1	-1	-1	"4002A,00,00,00,00,00,00,00,00,00,00,00,00,00,00,2000000,00"
respec_skills	17991	505	-1	-1	-1	-1	-1	-1	-1	-1	-1	-1	-1	-1	-1	-1	-1	-1	"4002A,00,00,00,00,00,00,00,00,00,00,00,00,00,00,6000000,00"
	0	-1	-1	-1	-1	-1	-1	-1	-1	-1	-1	-1	-1	-1	-1	-1	-1	-1	"00,00,00,00,00,00,00,00,00,00,00,00,00,00,00,8000000,00"
	0	-1	-1	-1	-1	-1	-1	-1	-1	-1	-1	-1	-1	-1	-1	-1	-1	-1	"00,00,00,00,00,00,00,00,00,00,00,00,00,00,00,10000000,00"
	0	-1	-1	-1	-1	-1	-1	-1	-1	-1	-1	-1	-1	-1	-1	-1	-1	-1	"00,00,00,00,00,00,00,00,00,00,00,00,00,00,00,20000000,00"
	0	-1	-1	-1	-1	-1	-1	-1	-1	-1	-1	-1	-1	-1	-1	-1	-1	-1	"00,00,00,00,00,00,00,00,00,00,00,00,00,00,00,40000000,00"
	0	-1	-1	-1	-1	-1	-1	-1	-1	-1	-1	-1	-1	-1	-1	-1	-1	-1	"00,00,00,00,00,00,00,00,00,00,00,00,00,00,00,80000000,00"
	0	-1	-1	-1	-1	-1	-1	-1	-1	-1	-1	-1	-1	-1	-1	-1	-1	-1	"00,00,00,00,00,00,00,00,00,00,00,00,00,00,00,00,01"
hunter_sniper2h	25670	320	-1	-1	-1	-1	-1	-1	-1	-1	-1	-1	-1	-1	-1	-1	-1	-1	"1001A,16040,00,00,00,00,00,00,00,10000000,01,00,00,00,10000000,00,02"
