"LEVEL"	"name"	"code"	"bitfieldIndex"	"unknown1"	"defaultSubLevel"	"previousLevel"	"nextLevel"	"levelDisplayName"	"floorSuffixName"	"finalSuffixFloorName"	"town"	"alwaysActive"	"startingLocation"	"unknown2"	"levelRestartRedirect"	"portalAndRecallLoc"	"firstPortalandRecallLoc"	"safe"	"subLevelTownPortal"	"tutorial"	"disableTownPortals"	"onEnterClearBadStates"	"playerOwnedCannotDie"	"hardcoreDeadCanVisit"	"canFormAutoParties"	"CameraDollyScale"	"minZ"	"maxZ"	"visibilityOpacity"	"fixedOrientation"	"orientedToMap"	"allowRandomOrientation"	"hellriftChancePercent"	"hellriftSubLevel1"	"madLibs"	"properNames"	"adjectives"	"nouns"	"affixs"	"suffixs"	"subLevel1"	"subLevel2"	"subLevel3"	"subLevel4"	"subLevel5"	"subLevel6"	"subLevel7"	"subLevel8"	"autoWaypoint"	"multiplayerOnly"	"useTeamColors"	"waypoint"	"srvLevelType"	"playerMax"	"monsterLevel"	"monsterLevelNightmare"	"unknown3"	"monsterLevelFromParentLevel"	"monsterLevelFromActivator"	"monsterLevelActivatorDelta"	"selectRandomThemePct"	"partySizeRecommended"	"questSpawnClass"	"interactableSpawnClass"	"stringEnter"	"stringLeave"	"championSpawnChancePercentAtEachSpawnLocation"	"uniqueMonsterChancePercent"	"mapX"	"mapY"	"firstLevel"	"firstLevelCheating"	"playerExpLevel"	"startingGold"	"bonusStartingTreasure"	"sequenceNumber"	"blank"	"worldMapRow"	"worldMapCol"	"worldMapFrame"	"worldMapFrameUnexplored"	"worldMapColor"	"worldMapLabelPos"	"worldMapLabelXOffs"	"worldMapLabelYOffs"	"worldMapConnectIDs1"	"worldMapConnectIDs2"	"worldMapConnectIDs3"	"worldMapConnectIDs4"	"worldMapConnectIDs5"	"worldMapConnectIDs6"	"worldMapConnectIDs7"	"worldMapConnectIDs8"	"adventureChancePercent"	"numAdventures"	"enableRoomReset"	"roomResetDelayInSeconds"	"roomResetWhenMonstersBelowPercent"	"monsterRoomDensityMultiplier"	"contentsAlwaysRevealed"	"scriptPlayerEnterLevel"	"allowOverworldTravel"
"3,62,0,-1,0,-1"	"Russell Square"	22084	0	0	0	-1	1	8431	-1	-1	0	0	1	-1	0	0	0	0	-1	1	1	0	0	0	0	1	-0.5	0.5	1	0	0	0	0	-1	-1	-1	-1	-1	-1	-1	-1	-1	-1	-1	-1	-1	-1	-1	0	0	0	-1	0	2147483647	"26,1,0"	"26,30,0"	0	0	0	0	0	0	-1	-1	-1	-1	0	0	-1	-1	1	0	-1	-1	1	0	0	10	13	"map_square"	"map_square_dotted"	6	7	0	-10	1	-1	-1	-1	-1	-1	-1	-1	0	"26,0,0"	0	-1	-1	1.15	0	0	0
"3,62,0,-1,0,-1"	"Holborn Station"	16705	1	0	1	-1	-1	8432	-1	-1	1	0	1	-1	0	1	1	1	-1	0	0	1	1	1	1	1	-0.5	0.5	1	0	0	0	0	-1	-1	-1	-1	-1	-1	-1	-1	-1	-1	-1	-1	-1	-1	-1	0	0	0	134	2	16	"26,3,0"	"26,31,0"	0	0	0	0	0	0	-1	-1	-1	-1	0	0	-1	-1	0	0	-1	-1	2	0	0	9	12	"map_hex"	"map_hex_dotted"	11	3	-8	0	2	3	6	-1	-1	-1	-1	-1	0	"26,0,0"	0	-1	-1	1.15	0	0	0
"3,62,0,-1,0,-1"	"Tottenham Court"	16961	2	0	0	1	-1	8434	-1	-1	0	0	0	-1	0	0	0	0	-1	0	0	0	0	0	0	1	-0.5	0.5	1	0	0	0	0	-1	-1	-1	-1	-1	-1	-1	-1	-1	-1	-1	-1	-1	-1	-1	0	0	0	-1	0	2147483647	"26,1,0"	"26,30,0"	0	0	0	0	0	0	-1	-1	-1	-1	0	0	-1	-1	0	0	-1	-1	3	0	0	8	13	"map_square"	"map_square_dotted"	6	1	0	8	-1	-1	-1	-1	-1	-1	-1	-1	0	"26,0,0"	1	1200	20	1.15	0	0	0
"3,62,0,-1,0,-1"	"Holborn Access Shafts"	17217	3	0	0	1	-1	8433	-1	-1	0	0	0	-1	0	0	0	0	-1	0	0	0	0	0	0	1	-0.5	0.5	1	0	0	0	0	-1	-1	-1	-1	-1	-1	-1	-1	-1	-1	-1	-1	-1	-1	-1	0	0	0	-1	0	2147483647	"26,2,0"	"26,31,0"	0	0	0	0	50	0	-1	-1	-1	-1	0	0	-1	-1	0	0	-1	-1	4	0	0	8	11	"map_circle"	"map_circle_dotted"	38	1	0	8	-1	-1	-1	-1	-1	-1	-1	-1	0	"26,0,0"	1	1200	20	0.95	0	0	0
"3,2,0,-1,0,-1"		0	0	0	-1	-1	-1	-1	-1	-1	0	0	0	-1	0	0	0	0	-1	0	0	0	0	0	0	1	-0.5	0.5	1	0	0	0	0	-1	-1	-1	-1	-1	-1	-1	-1	-1	-1	-1	-1	-1	-1	-1	0	0	0	-1	-1	2147483647	0	0	0	0	0	0	0	0	-1	-1	-1	-1	0	0	-1	-1	0	0	-1	-1	-1	0	-1	-1	-1			-1	-1	0	0	-1	-1	-1	-1	-1	-1	-1	-1	0	0	0	-1	-1	1.15	0	0	0
"3,2,0,-1,0,-1"		0	0	0	-1	-1	-1	-1	-1	-1	0	0	0	-1	0	0	0	0	-1	0	0	0	0	0	0	1	-0.5	0.5	1	0	0	0	0	-1	-1	-1	-1	-1	-1	-1	-1	-1	-1	-1	-1	-1	-1	-1	0	0	0	-1	-1	2147483647	0	0	0	0	0	0	0	0	-1	-1	-1	-1	0	0	-1	-1	0	0	-1	-1	-1	0	-1	-1	-1			-1	-1	0	0	-1	-1	-1	-1	-1	-1	-1	-1	0	0	0	-1	-1	1.15	0	0	0
"3,60,0,-1,0,-1"	"Covent Garden Approach"	17473	6	0	0	1	7	8437	-1	-1	0	0	0	-1	0	0	0	0	-1	0	0	0	0	0	0	1	-0.5	0.5	1	0	0	0	0	-1	-1	-1	-1	-1	-1	-1	-1	-1	-1	-1	-1	-1	-1	-1	0	0	0	-1	0	2147483647	"26,3,0"	"26,31,0"	0	0	0	0	0	0	-1	-1	-1	-1	0.08	0	-1	-1	0	0	-1	-1	5	0	0	10	11	"map_circle"	"map_circle_dotted"	38	3	-8	0	7	-1	-1	-1	-1	-1	-1	-1	0	"26,0,0"	1	1200	20	0.95	0	0	0
"3,60,0,-1,0,-1"	"Covent Garden Station"	17729	7	0	1	-1	-1	8438	-1	-1	1	0	1	-1	0	1	0	1	-1	0	0	1	1	1	1	1	-0.5	0.5	1	0	0	0	0	-1	-1	-1	-1	-1	-1	-1	-1	-1	-1	-1	-1	-1	-1	-1	0	0	0	132	2	32	"26,5,0"	"26,33,0"	0	0	0	0	0	0	-1	-1	-1	-1	0	0	-1	-1	0	1	7	-1	6	500	0	10	9	"map_hex"	"map_hex_dotted"	11	1	0	8	12	8	13	11	10	15	-1	-1	0	"26,0,0"	0	-1	-1	1.15	0	0	0
"3,60,0,-1,0,-1"	"Upper Kingsway Sewers"	17985	8	0	0	7	9	8435	-1	-1	0	0	0	-1	0	0	0	0	-1	0	0	0	0	0	0	1	-0.5	0.5	1	0	0	0	0	-1	-1	-1	-1	-1	-1	-1	-1	-1	-1	-1	-1	-1	-1	-1	0	0	0	-1	0	2147483647	"26,3,0"	"26,31,0"	0	0	0	0	0	0	-1	-1	-1	-1	0.08	0	-1	-1	0	0	-1	-1	7	0	0	11	10	"map_circle"	"map_circle_dotted"	38	3	-8	0	9	-1	-1	-1	-1	-1	-1	-1	0	"26,0,0"	1	1200	20	1.05	0	0	0
"3,60,0,-1,0,-1"	"Lower Kingsway Sewers"	18241	9	0	0	8	-1	8436	-1	-1	0	0	0	-1	0	0	0	0	-1	0	0	0	0	0	0	1	-0.5	0.5	1	0	0	0	0	-1	-1	-1	-1	-1	-1	-1	-1	-1	-1	-1	-1	-1	-1	-1	0	0	0	-1	0	2147483647	"26,4,0"	"26,32,0"	0	0	0	0	0	0	-1	-1	-1	-1	0.08	0	-1	-1	0	0	-1	-1	8	0	0	12	11	"map_circle"	"map_circle_dotted"	38	3	-8	0	-1	-1	-1	-1	-1	-1	-1	-1	0	"26,0,0"	1	1200	20	1.05	0	0	0
"3,60,0,-1,0,-1"	"Covent Garden Steam Tunnels"	18497	10	0	0	7	-1	8443	-1	-1	0	0	0	-1	0	0	0	0	-1	0	0	0	0	0	0	1	-0.5	0.5	1	0	0	0	0	-1	-1	-1	-1	-1	-1	-1	-1	-1	-1	-1	-1	-1	-1	-1	0	0	0	-1	0	2147483647	"26,4,0"	"26,32,0"	0	0	0	0	50	0	-1	-1	-1	-1	0.08	0	-1	-1	0	0	-1	-1	9	0	0	9	10	"map_circle"	"map_circle_dotted"	38	1	0	8	-1	-1	-1	-1	-1	-1	-1	-1	0	"26,0,0"	1	1200	20	1.15	0	0	0
"3,60,0,-1,0,-1"	"Covent Garden Train Depot"	18753	11	0	0	7	-1	8444	-1	-1	0	0	0	-1	0	0	0	0	-1	0	0	0	0	0	0	1	-0.5	0.5	1	0	0	0	0	-1	-1	-1	-1	-1	-1	-1	-1	-1	-1	-1	-1	-1	-1	-1	0	0	0	-1	0	2147483647	"26,5,0"	"26,32,0"	0	0	0	0	0	0	-1	-1	-1	-1	0.08	0	-1	-1	0	0	-1	-1	10	0	0	11	8	"map_circle"	"map_circle_dotted"	38	7	0	-10	-1	-1	-1	-1	-1	-1	-1	-1	100	"26,0,0"	1	1200	20	1.05	0	0	0
"3,60,0,-1,0,-1"	"Covent Garden Market"	19009	12	0	0	7	-1	8440	-1	-1	0	0	0	-1	0	0	0	0	-1	0	0	0	0	0	0	1	-0.5	0.5	1	0	0	0	100	4	-1	-1	-1	-1	-1	-1	-1	-1	-1	-1	-1	-1	-1	-1	0	0	0	-1	0	2147483647	"26,5,0"	"26,32,0"	0	0	0	0	0	0	-1	-1	-1	-1	0.08	5	-1	-1	0	0	-1	-1	11	0	0	12	9	"map_square"	"map_square_dotted"	6	7	0	-10	-1	-1	-1	-1	-1	-1	-1	-1	0	"26,0,0"	1	1800	20	1.05	0	0	0
"3,60,0,-1,0,-1"	"Bloomsbury"	19265	13	0	0	7	14	8441	-1	-1	0	0	0	-1	0	0	0	0	-1	0	0	0	0	0	0	1	-0.5	0.5	1	0	0	0	0	-1	-1	-1	-1	-1	-1	-1	-1	-1	-1	-1	-1	-1	-1	-1	0	0	0	-1	0	2147483647	"26,6,0"	"26,33,0"	0	0	0	0	0	0	-1	-1	-1	-1	0.08	5	-1	-1	0	0	-1	-1	12	0	0	9	8	"map_circle"	"map_circle_dotted"	38	5	8	0	14	-1	-1	-1	-1	-1	-1	-1	0	"26,0,0"	1	1200	20	1.15	0	0	0
"3,60,0,-1,0,-1"	"British Museum"	19521	14	0	0	13	-1	8442	-1	-1	0	0	0	-1	0	0	0	0	-1	0	0	0	0	0	0	1	-0.5	0.5	1	0	0	0	100	5	-1	-1	-1	-1	-1	-1	10	9	-1	-1	-1	-1	-1	-1	0	0	0	-1	0	2147483647	"26,6,0"	"26,33,0"	0	0	0	0	0	0	-1	-1	-1	-1	0.08	5	-1	-1	0	0	-1	-1	13	0	0	8	8	"map_square"	"map_square_dotted"	6	1	0	8	-1	-1	-1	-1	-1	-1	-1	-1	0	"26,0,0"	1	1800	20	1.15	0	0	0
"3,60,0,-1,0,-1"	"Leicester Square"	19777	15	0	0	7	16	8447	-1	-1	0	0	0	-1	0	0	0	0	-1	0	0	0	0	0	0	1	-0.5	0.5	1	0	0	0	0	-1	-1	-1	-1	-1	-1	-1	-1	-1	-1	-1	-1	-1	-1	-1	0	0	0	-1	0	2147483647	"26,7,0"	"26,33,0"	0	0	0	0	0	0	-1	-1	-1	-1	0.12	10	-1	-1	0	0	-1	-1	14	0	1	10	7	"map_circle"	"map_circle_dotted"	38	5	8	0	16	-1	-1	-1	-1	-1	-1	-1	15	"26,0,0"	1	1200	20	1.05	0	0	0
"3,60,0,-1,0,-1"	"St. Martin's"	20033	16	0	0	15	17	8445	-1	-1	0	0	0	-1	0	0	0	0	-1	0	0	0	0	0	0	1	-0.5	0.5	1	0	0	0	0	-1	-1	-1	-1	-1	-1	-1	-1	-1	-1	-1	-1	-1	-1	-1	0	0	0	-1	0	2147483647	"26,7,0"	"26,33,0"	0	0	0	0	50	0	-1	-1	-1	-1	0.12	10	-1	-1	0	0	-1	-1	15	0	1	13	7	"map_circle"	"map_circle_dotted"	38	3	-8	0	17	-1	-1	-1	-1	-1	-1	-1	15	"26,0,0"	1	1200	20	1.1	0	0	0
"3,60,0,-1,0,-1"	"Charing Cross Approach"	20289	17	0	0	16	18	8455	-1	-1	0	0	0	-1	0	0	0	0	-1	0	0	0	0	0	0	1	-0.5	0.5	1	0	0	0	0	-1	-1	-1	-1	-1	-1	-1	-1	-1	-1	-1	-1	-1	-1	-1	0	0	0	-1	0	2147483647	"26,8,0"	"26,34,0"	0	0	0	0	0	0	-1	-1	-1	-1	0.12	10	-1	-1	0	0	-1	-1	16	0	1	14	6	"map_circle"	"map_circle_dotted"	38	3	-8	0	18	-1	-1	-1	-1	-1	-1	-1	15	"26,0,0"	1	1200	20	1.15	0	0	0
"3,60,0,-1,0,-1"	"Charing Cross Station"	20545	18	0	1	-1	-1	8456	-1	-1	1	0	1	-1	0	1	0	1	-1	0	0	1	1	1	1	1	-0.5	0.5	1	0	0	0	0	-1	-1	-1	-1	-1	-1	-1	-1	-1	-1	-1	-1	-1	-1	-1	0	0	0	137	2	32	"26,8,0"	"26,35,0"	0	0	0	0	0	0	-1	-1	-1	-1	0	0	-1	-1	0	0	-1	-1	17	0	1	15	5	"map_hex"	"map_hex_dotted"	11	5	8	0	19	22	29	31	38	34	-1	-1	0	"26,0,0"	0	-1	-1	1.15	0	0	0
"3,60,0,-1,0,-1"	"Piccadilly Approach"	20801	19	0	0	18	20	8477	-1	-1	0	0	0	-1	0	0	0	0	-1	0	0	0	0	0	0	1	-0.5	0.5	1	0	0	0	15	8	-1	-1	-1	-1	-1	-1	-1	-1	-1	-1	-1	-1	-1	-1	0	0	0	-1	0	2147483647	"26,8,0"	"26,34,0"	0	0	0	0	0	0	-1	-1	-1	-1	0.12	20	-1	-1	0	0	-1	-1	18	0	1	13	5	"map_circle"	"map_circle_dotted"	38	3	-8	0	20	-1	-1	-1	-1	-1	-1	-1	25	"26,1,0"	1	1200	20	1.15	0	0	0
"3,60,0,-1,0,-1"	"Piccadilly Circus"	21057	20	0	0	19	21	8459	-1	-1	0	0	0	-1	0	0	0	0	-1	0	0	0	0	0	0	1	-0.5	0.5	1	0	0	0	100	6	-1	-1	-1	-1	-1	-1	-1	-1	-1	-1	-1	-1	-1	-1	0	0	0	-1	0	2147483647	"26,9,0"	"26,34,0"	0	0	0	0	0	0	-1	-1	-1	-1	0.12	20	-1	-1	0	0	-1	-1	19	0	1	12	5	"map_square"	"map_square_dotted"	6	3	-8	0	-1	-1	-1	-1	-1	-1	-1	-1	25	"26,1,0"	1	1200	20	1.15	0	0	0
"3,60,0,-1,0,-1"	"Piccadilly Hell"	21313	21	0	0	20	-1	8463	-1	-1	0	0	0	-1	0	0	0	0	-1	0	0	0	0	0	0	1	-0.5	0.5	1	0	0	0	0	-1	-1	-1	-1	-1	-1	-1	-1	-1	-1	-1	-1	-1	-1	-1	0	0	0	-1	0	2147483647	"26,9,0"	"26,35,0"	0	0	0	0	0	0	-1	-1	-1	-1	0.12	20	-1	-1	0	0	-1	-1	20	0	1	-1	-1			-1	0	0	0	-1	-1	-1	-1	-1	-1	-1	-1	0	"26,0,0"	1	1200	20	1.15	0	0	0
"3,60,0,-1,0,-1"	"Green Park Approach"	22081	22	0	0	18	23	8457	-1	-1	0	0	0	-1	0	0	0	0	-1	0	0	0	0	0	0	1	-0.5	0.5	1	0	0	0	15	8	-1	-1	-1	-1	-1	-1	-1	-1	-1	-1	-1	-1	-1	-1	0	0	0	-1	0	2147483647	"26,10,0"	"26,35,0"	0	0	0	0	50	0	-1	-1	-1	-1	0.16	20	-1	-1	0	0	-1	-1	21	0	1	13	3	"map_circle"	"map_circle_dotted"	38	5	8	0	23	-1	-1	-1	-1	-1	-1	-1	25	"26,1,0"	1	1200	20	1.15	0	0	0
"3,60,0,-1,0,-1"	"Green Park Station"	22337	23	0	1	-1	-1	8458	-1	-1	0	0	0	18	0	1	0	0	-1	0	0	0	0	0	0	1	-0.5	0.5	1	0	0	0	0	-1	-1	-1	-1	-1	-1	-1	-1	-1	-1	-1	-1	-1	-1	-1	0	0	0	136	0	2147483647	"26,10,0"	"26,35,0"	0	0	0	0	0	0	-1	-1	-1	-1	0	0	-1	-1	0	0	-1	-1	22	0	1	12	2	"map_hex"	"map_hex_dotted"	38	3	-8	0	24	25	26	27	28	-1	-1	-1	0	"26,0,0"	1	1200	20	1.15	0	0	0
"3,60,0,-1,0,-1"	"Death's Sewers"	22593	24	0	0	23	-1	8466	-1	-1	0	0	0	-1	0	0	0	0	-1	0	0	0	0	0	0	1	-0.5	0.5	1	0	0	0	15	8	-1	-1	-1	-1	-1	-1	-1	-1	-1	-1	-1	-1	-1	-1	0	0	0	-1	0	2147483647	"26,11,0"	"26,35,0"	0	0	0	0	0	0	-1	-1	-1	-1	0.16	20	-1	-1	0	0	-1	-1	23	0	1	11	1	"map_square"	"map_square_dotted"	6	5	8	0	-1	-1	-1	-1	-1	-1	-1	-1	25	"26,1,0"	1	1200	20	1.15	0	0	0
"3,60,0,-1,0,-1"	"Death's Tunnels"	22849	25	0	0	23	-1	8467	-1	-1	0	0	0	-1	0	0	0	0	-1	0	0	0	0	0	0	1	-0.5	0.5	1	0	0	0	15	8	-1	-1	-1	-1	-1	-1	-1	-1	-1	-1	-1	-1	-1	-1	0	0	0	-1	0	2147483647	"26,11,0"	"26,36,0"	0	0	0	0	0	0	-1	-1	-1	-1	0.16	20	-1	-1	0	0	-1	-1	24	0	1	12	1	"map_square"	"map_square_dotted"	6	5	8	0	-1	-1	-1	-1	-1	-1	-1	-1	25	"26,1,0"	1	1200	20	1.45	0	0	0
"3,60,0,-1,0,-1"	"Death's City"	23105	26	0	0	23	-1	8468	-1	-1	0	0	0	-1	0	0	0	0	-1	0	0	0	0	0	0	1	-0.5	0.5	1	0	0	0	15	8	-1	-1	-1	-1	-1	-1	-1	-1	-1	-1	-1	-1	-1	-1	0	0	0	-1	0	2147483647	"26,12,0"	"26,36,0"	0	0	0	0	0	0	-1	-1	-1	-1	0.16	20	-1	-1	0	0	-1	-1	25	0	1	13	1	"map_square"	"map_square_dotted"	6	5	8	0	-1	-1	-1	-1	-1	-1	-1	-1	25	"26,1,0"	1	1200	20	1.3	0	0	0
"3,60,0,-1,0,-1"	"Savile Row"	24897	27	0	0	23	28	8448	-1	-1	0	0	0	-1	0	0	0	0	-1	0	0	0	0	0	0	1	-0.5	0.5	1	0	0	0	15	8	-1	-1	-1	-1	-1	-1	-1	-1	-1	-1	-1	-1	-1	-1	0	0	0	-1	0	2147483647	"26,12,0"	"26,36,0"	0	0	0	0	0	0	-1	-1	-1	-1	0.16	20	-1	-1	0	0	-1	-1	26	0	1	11	2	"map_circle"	"map_circle_dotted"	38	3	-8	0	28	-1	-1	-1	-1	-1	-1	-1	25	"26,1,0"	1	1200	20	1.15	0	0	0
"3,60,0,-1,0,-1"	"Oxford Circus Station"	25153	28	0	1	27	-1	8449	-1	-1	1	0	1	-1	0	1	0	1	-1	0	0	1	1	1	1	1	-0.5	0.5	1	0	0	0	0	-1	-1	-1	-1	-1	-1	-1	-1	-1	-1	-1	-1	-1	-1	-1	0	0	0	142	2	8	"26,12,0"	"26,37,0"	0	0	0	0	0	0	-1	-1	-1	-1	0	0	-1	-1	0	0	-1	-1	27	0	1	10	2	"map_hex"	"map_hex_dotted"	11	1	0	8	-1	-1	-1	-1	-1	-1	-1	-1	0	"26,0,0"	0	-1	-1	1.15	0	0	0
"3,60,0,-1,0,-1"	"Admiralty Arch"	25409	29	0	0	18	30	8452	-1	-1	0	0	0	-1	0	0	0	0	-1	0	0	0	0	0	0	1	-0.5	0.5	1	0	0	0	15	8	-1	-1	-1	-1	-1	-1	-1	-1	-1	-1	-1	-1	-1	-1	0	0	0	-1	0	2147483647	"26,12,0"	"26,36,0"	0	0	0	0	50	0	-1	-1	-1	-1	0.16	20	-1	-1	0	0	-1	-1	28	0	1	16	4	"map_circle"	"map_circle_dotted"	38	7	0	-10	30	-1	-1	-1	-1	-1	-1	-1	25	"26,1,0"	1	1200	20	1.2	0	0	0
"3,60,0,-1,0,-1"	"Chocolate Park"	25665	30	0	0	29	-1	8453	-1	-1	0	0	0	-1	0	0	0	0	-1	0	0	0	0	0	0	1	-0.5	0.5	1	0	0	0	15	8	-1	-1	-1	-1	-1	-1	-1	-1	-1	-1	-1	-1	-1	-1	0	0	0	-1	0	2147483647	"26,12,0"	"26,37,0"	0	0	0	0	0	0	-1	-1	-1	-1	0.16	20	-1	-1	0	0	-1	-1	29	0	1	16	3	"map_square"	"map_square_dotted"	6	5	8	0	-1	-1	-1	-1	-1	-1	-1	-1	0	"26,0,0"	1	1200	20	1.15	0	0	0
"3,60,0,-1,0,-1"	"Whitehall"	25921	31	0	0	18	32	8454	-1	-1	0	0	0	-1	0	0	0	0	-1	0	0	0	0	0	0	1	-0.5	0.5	1	0	0	0	15	8	-1	-1	-1	-1	-1	-1	-1	-1	-1	-1	-1	-1	-1	-1	0	0	0	-1	0	2147483647	"26,13,0"	"26,37,0"	0	0	0	0	0	0	-1	-1	-1	-1	0.16	20	-1	-1	0	0	-1	-1	30	0	1	17	5	"map_circle"	"map_circle_dotted"	38	3	-8	0	32	-1	-1	-1	-1	-1	-1	-1	25	"26,1,0"	1	1200	20	1.2	0	0	0
"3,60,0,-1,0,-1"	"Downing Street"	26177	32	0	0	31	33	8461	-1	-1	0	0	0	-1	0	0	0	0	-1	0	0	0	0	0	0	1	-0.5	0.5	1	0	0	0	15	8	-1	-1	-1	-1	-1	-1	-1	-1	-1	-1	-1	-1	-1	-1	0	0	0	-1	0	2147483647	"26,13,0"	"26,37,0"	0	0	0	0	0	0	-1	-1	-1	-1	0.16	20	-1	-1	0	0	-1	-1	31	0	1	18	5	"map_circle"	"map_circle_dotted"	38	5	8	0	33	-1	-1	-1	-1	-1	-1	-1	25	"26,1,0"	1	1200	20	1.2	0	0	0
"3,60,0,-1,0,-1"	"Millennium Battle"	26433	33	0	0	32	-1	8462	-1	-1	0	0	0	-1	0	0	0	0	-1	0	0	0	0	0	0	1	-0.5	0.5	1	0	0	0	0	-1	-1	-1	-1	-1	-1	-1	-1	-1	-1	-1	-1	-1	-1	-1	0	0	0	-1	0	2147483647	"26,13,0"	"26,38,0"	0	0	0	0	0	0	-1	-1	-1	-1	0.16	20	-1	-1	0	0	-1	-1	32	0	1	19	6	"map_square"	"map_square_dotted"	6	7	0	-10	-1	-1	-1	-1	-1	-1	-1	-1	0	"26,0,0"	1	1200	20	1.2	0	0	0
"3,60,0,-1,0,-1"	"Craven Street"	26689	34	0	0	18	35	8446	-1	-1	0	0	0	-1	0	0	0	0	-1	0	0	0	0	0	0	1	-0.5	0.5	1	0	0	0	15	8	-1	-1	-1	-1	-1	-1	-1	-1	-1	-1	-1	-1	-1	-1	0	0	0	-1	0	2147483647	"26,14,0"	"26,38,0"	0	0	0	0	0	0	-1	-1	-1	-1	0.16	20	-1	-1	0	0	-1	-1	33	0	1	16	6	"map_circle"	"map_circle_dotted"	38	3	-8	0	35	-1	-1	-1	-1	-1	-1	-1	25	"26,1,0"	1	1200	20	1.2	0	0	0
"3,60,0,-1,0,-1"	"Embankment Approach"	26945	35	0	0	34	36	8481	-1	-1	0	0	0	-1	0	0	0	0	-1	0	0	0	0	0	0	1	-0.5	0.5	1	0	0	0	15	8	-1	-1	-1	-1	-1	-1	-1	-1	-1	-1	-1	-1	-1	-1	0	0	0	-1	0	2147483647	"26,14,0"	"26,38,0"	0	0	0	0	50	0	-1	-1	-1	-1	0.16	20	-1	-1	0	0	-1	-1	34	0	1	17	7	"map_circle"	"map_circle_dotted"	38	7	0	-10	36	-1	-1	-1	-1	-1	-1	-1	25	"26,1,0"	1	1800	20	1.25	0	0	0
"3,60,0,-1,0,-1"	"Embankment Redout"	27201	36	0	0	35	-1	8483	-1	-1	0	0	0	-1	0	0	0	0	-1	0	0	0	0	0	0	1	-0.5	0.5	1	0	0	0	0	-1	-1	-1	-1	-1	-1	-1	-1	-1	-1	-1	-1	-1	-1	-1	0	0	0	-1	0	2147483647	"26,14,0"	"26,38,0"	0	0	0	0	0	0	-1	-1	-1	-1	0.16	0	-1	-1	0	0	-1	-1	35	0	1	17	8	"map_square"	"map_square_dotted"	6	3	-8	0	-1	-1	-1	-1	-1	-1	-1	-1	0	"26,0,0"	0	-1	-1	1.15	1	0	0
"3,60,0,-1,0,-1"	"The Mind of 314"	27457	37	0	0	18	-1	8484	-1	-1	0	0	0	-1	0	0	0	0	-1	0	1	0	0	0	0	1	-0.5	0.5	1	0	0	0	0	-1	-1	-1	-1	-1	-1	-1	12	11	-1	-1	-1	-1	-1	-1	0	0	0	-1	0	2147483647	"26,15,0"	"26,39,0"	0	0	0	0	0	0	-1	-1	-1	-1	0.16	100	-1	-1	0	0	-1	-1	36	0	1	15	2	"map_square"	"map_square_dotted"	134	5	8	0	-1	-1	-1	-1	-1	-1	-1	-1	0	"26,0,0"	1	1800	20	1.15	0	0	0
"3,60,0,-1,0,-1"	"Waterloo Bridge"	27713	38	0	0	18	39	8450	-1	-1	0	0	0	-1	0	0	0	0	-1	0	0	0	0	0	0	1	-0.5	0.5	1	0	0	0	15	8	-1	-1	-1	-1	-1	-1	-1	-1	-1	-1	-1	-1	-1	-1	0	0	0	-1	0	2147483647	"26,15,0"	"26,39,0"	0	0	0	0	0	0	-1	-1	-1	-1	0.16	20	-1	-1	0	0	-1	-1	37	0	2	15	9	"map_circle"	"map_circle_dotted"	38	1	0	8	39	-1	-1	-1	-1	-1	-1	-1	25	"26,1,0"	1	1200	20	1.25	0	0	0
"3,60,0,-1,0,-1"	"Savoy"	27969	39	0	0	38	40	8485	-1	-1	0	0	0	-1	0	0	0	0	-1	0	0	0	0	0	0	1	-0.5	0.5	1	0	0	0	15	8	-1	-1	-1	-1	-1	-1	-1	-1	-1	-1	-1	-1	-1	-1	0	0	0	-1	0	2147483647	"710,26,15,26,17,3,33,0"	"26,39,0"	0	0	0	0	50	0	-1	-1	-1	-1	0.2	20	-1	-1	0	0	-1	-1	38	0	2	16	10	"map_circle"	"map_circle_dotted"	38	1	0	8	40	-1	-1	-1	-1	-1	-1	-1	25	"26,1,0"	1	1200	20	1.15	0	0	0
"3,60,0,-1,0,-1"	"Temple Approach"	28225	40	0	0	39	41	8487	-1	-1	0	0	0	-1	0	0	0	0	-1	0	0	0	0	0	0	1	-0.5	0.5	1	0	0	0	15	8	-1	-1	-1	-1	-1	-1	-1	-1	-1	-1	-1	-1	-1	-1	0	0	0	-1	0	2147483647	"710,26,15,26,17,3,33,0"	"26,39,0"	0	0	0	0	0	0	-1	-1	-1	-1	0.2	20	-1	-1	0	0	-1	-1	39	0	2	17	11	"map_circle"	"map_circle_dotted"	38	1	0	8	41	-1	-1	-1	-1	-1	-1	-1	25	"26,1,0"	1	1200	20	1.15	0	0	0
"3,60,0,-1,0,-1"	"Temple Station"	28481	41	0	1	-1	-1	8489	-1	-1	1	0	1	-1	0	1	0	1	-1	0	0	1	1	1	1	1	-0.5	0.5	1	0	0	0	0	-1	-1	-1	-1	-1	-1	-1	-1	-1	-1	-1	-1	-1	-1	-1	0	0	0	139	2	32	"26,17,0"	"26,39,0"	0	0	0	0	0	0	-1	-1	-1	-1	0	0	-1	-1	0	0	-1	-1	40	0	2	17	14	"map_hex"	"map_hex_dotted"	11	7	0	-10	42	43	53	44	47	49	55	-1	0	"26,0,0"	0	-1	-1	1.15	0	0	0
"3,60,0,-1,0,-1"	"Templar Base"	28737	42	0	1	-1	-1	8488	-1	-1	1	0	1	-1	0	1	0	1	-1	0	0	1	1	1	1	1	-0.5	0.5	1	0	0	0	0	-1	-1	-1	-1	-1	-1	-1	-1	-1	-1	-1	-1	-1	-1	-1	0	0	0	140	2	96	"26,20,0"	"26,42,0"	0	0	0	0	0	0	-1	-1	-1	-1	0	0	-1	-1	0	0	-1	-1	41	0	3	14	14	"map_hex"	"map_hex_dotted"	11	5	8	0	67	64	63	83	-1	-1	-1	-1	0	"26,0,0"	0	-1	-1	1.15	0	0	0
"3,60,0,-1,0,-1"	"Aldwych"	28993	43	0	0	41	-1	8451	-1	-1	0	0	0	-1	0	0	0	0	-1	0	0	0	0	0	0	1	-0.5	0.5	1	0	0	0	15	8	-1	-1	-1	-1	-1	-1	-1	-1	-1	-1	-1	-1	-1	-1	0	0	0	-1	0	2147483647	"26,16,0"	"26,40,0"	0	0	0	0	0	0	-1	-1	-1	-1	0.2	20	-1	-1	0	0	-1	-1	42	0	2	16	13	"map_square"	"map_square_dotted"	6	5	8	0	-1	-1	-1	-1	-1	-1	-1	-1	25	"26,1,0"	1	1200	20	1.15	0	0	0
"3,60,0,-1,0,-1"	"Waterloo"	29249	44	0	0	41	45	8495	-1	-1	0	0	0	-1	0	0	0	0	-1	0	0	0	0	0	0	1	-0.5	0.5	1	0	0	0	15	8	-1	-1	-1	-1	-1	-1	-1	-1	-1	-1	-1	-1	-1	-1	0	0	0	-1	0	2147483647	"710,26,16,26,17,3,33,0"	"26,41,0"	0	0	0	0	50	0	-1	-1	-1	-1	0.2	20	-1	-1	0	0	-1	-1	43	0	2	18	13	"map_circle"	"map_circle_dotted"	38	5	8	0	45	-1	-1	-1	-1	-1	-1	-1	25	"26,1,0"	1	1200	20	1.15	0	0	0
"3,60,0,-1,0,-1"	"Upper Ground"	29505	45	0	0	44	46	8496	-1	-1	0	0	0	-1	0	0	0	0	-1	0	0	0	0	0	0	1	-0.5	0.5	1	0	0	0	15	8	-1	-1	-1	-1	-1	-1	-1	-1	-1	-1	-1	-1	-1	-1	0	0	0	-1	0	2147483647	"710,26,16,26,17,3,33,0"	"26,41,0"	0	0	0	0	0	0	-1	-1	-1	-1	0.2	20	-1	-1	0	0	-1	-1	44	0	2	19	12	"map_circle"	"map_circle_dotted"	38	5	8	0	46	-1	-1	-1	-1	-1	-1	-1	25	"26,1,0"	1	1200	20	1.15	0	0	0
"3,60,0,-1,0,-1"	"Barge House"	29761	46	0	0	45	-1	8497	-1	-1	0	0	0	-1	0	0	0	0	-1	0	0	0	0	0	0	1	-0.5	0.5	1	0	0	0	0	-1	-1	-1	-1	-1	-1	-1	-1	-1	-1	-1	-1	-1	-1	-1	0	0	0	-1	0	2147483647	"710,26,16,26,17,3,33,0"	"26,41,0"	0	0	0	0	0	0	-1	-1	-1	-1	0.2	20	-1	-1	0	0	-1	-1	45	0	2	20	12	"map_square"	"map_square_dotted"	6	5	8	0	-1	-1	-1	-1	-1	-1	-1	-1	0	"26,0,0"	1	1200	20	0.9	0	0	0
"3,60,0,-1,0,-1"	"New Bridge"	30017	47	0	0	41	48	8500	-1	-1	0	0	0	-1	0	0	0	0	-1	0	0	0	0	0	0	1	-0.5	0.5	1	0	0	0	15	8	-1	-1	-1	-1	-1	-1	-1	-1	-1	-1	-1	-1	-1	-1	0	0	0	-1	0	2147483647	"26,17,0"	"26,41,0"	0	0	0	0	0	0	-1	-1	-1	-1	0.2	20	-1	-1	0	0	-1	-1	46	0	2	19	14	"map_circle"	"map_circle_dotted"	38	5	8	0	48	-1	-1	-1	-1	-1	-1	-1	25	"26,1,0"	1	1200	20	1.15	0	0	0
"3,60,0,-1,0,-1"	"The Big Gundown"	30273	48	0	0	47	-1	8501	-1	-1	0	0	0	-1	0	0	0	0	-1	0	0	0	0	0	0	1	-0.5	0.5	1	0	0	0	0	-1	-1	-1	-1	-1	-1	-1	-1	-1	-1	-1	-1	-1	-1	-1	0	0	0	-1	0	2147483647	"26,17,0"	"26,42,0"	0	0	0	0	0	0	-1	-1	-1	-1	0	0	-1	-1	0	0	-1	-1	47	0	2	20	14	"map_square"	"map_square_dotted"	6	5	8	0	-1	-1	-1	-1	-1	-1	-1	-1	0	"26,0,0"	0	-1	-1	1.15	1	0	0
"3,60,0,-1,0,-1"	"The Strand"	30529	49	0	0	41	50	8498	-1	-1	0	0	0	-1	0	0	0	0	-1	0	0	0	0	0	0	1	-0.5	0.5	1	0	0	0	15	8	-1	-1	-1	-1	-1	-1	-1	-1	-1	-1	-1	-1	-1	-1	0	0	0	-1	0	2147483647	"710,26,16,26,18,3,33,0"	"26,42,0"	0	0	0	0	0	0	-1	4	-1	-1	0.2	20	-1	-1	0	0	-1	-1	48	0	2	18	15	"map_circle"	"map_circle_dotted"	38	3	-8	0	50	-1	-1	-1	-1	-1	-1	-1	25	"26,1,0"	1	1200	20	1.15	0	0	0
"3,60,0,-1,0,-1"	"Blackfriars"	30785	50	0	0	49	51	8499	-1	-1	0	0	0	-1	0	0	0	0	-1	0	0	0	0	0	0	1	-0.5	0.5	1	0	0	0	15	8	-1	-1	-1	-1	-1	-1	-1	-1	-1	-1	-1	-1	-1	-1	0	0	0	-1	0	2147483647	"710,26,16,26,18,3,33,0"	"26,42,0"	0	0	0	0	0	0	-1	4	-1	-1	0.2	20	-1	-1	0	0	-1	-1	49	0	2	19	16	"map_circle"	"map_circle_dotted"	38	7	0	-10	51	-1	-1	-1	-1	-1	-1	-1	25	"26,1,0"	1	1200	20	1.15	0	0	0
"3,60,0,-1,0,-1"	"Puddle Dock"	31041	51	0	0	50	52	8503	-1	-1	0	0	0	-1	0	0	0	0	-1	0	0	0	0	0	0	1	-0.5	0.5	1	0	0	0	15	8	-1	-1	-1	-1	-1	-1	-1	-1	-1	-1	-1	-1	-1	-1	0	0	0	-1	0	2147483647	"26,18,0"	"26,42,0"	0	0	0	0	0	0	-1	4	-1	-1	0.2	20	-1	-1	0	0	-1	-1	50	0	2	20	15	"map_square"	"map_square_dotted"	6	3	-8	0	-1	-1	-1	-1	-1	-1	-1	-1	25	"26,1,0"	1	1200	20	1.15	0	0	0
"3,60,0,-1,0,-1"	"The Exospector"	31297	52	0	0	51	-1	8502	-1	-1	0	0	0	-1	0	0	0	0	-1	0	1	0	0	0	0	1	-0.5	0.5	1	0	0	0	0	-1	-1	-1	-1	-1	-1	-1	-1	-1	-1	-1	-1	-1	-1	-1	0	0	0	-1	0	2147483647	"26,18,0"	"26,43,0"	0	0	0	0	0	0	-1	4	-1	-1	0.2	0	-1	-1	0	0	-1	-1	51	0	2	21	15	"map_square"	"map_square_dotted"	134	7	0	-10	-1	-1	-1	-1	-1	-1	-1	-1	0	"26,0,0"	1	1200	20	1.15	0	0	0
"3,60,0,-1,0,-1"	"Temple Access Ducts"	16706	53	0	0	41	54	8508	-1	-1	0	0	0	-1	0	0	0	0	-1	0	0	0	0	0	0	1	-0.5	0.5	1	0	0	0	15	8	-1	-1	-1	-1	-1	-1	-1	-1	-1	-1	-1	-1	-1	-1	0	0	0	-1	0	2147483647	"26,16,0"	"26,40,0"	0	0	0	0	50	0	-1	4	-1	-1	0.2	20	-1	-1	0	0	-1	-1	52	0	2	16	15	"map_circle"	"map_circle_dotted"	38	7	0	-10	54	-1	-1	-1	-1	-1	-1	-1	25	"26,1,0"	1	1200	20	1.15	0	0	0
"3,60,0,-1,0,-1"	"Forgotten Ducts"	16962	54	0	0	53	-1	8509	-1	-1	0	0	0	-1	0	0	0	0	-1	0	0	0	0	0	0	1	-0.5	0.5	1	0	0	0	15	8	-1	-1	-1	-1	-1	-1	-1	-1	-1	-1	-1	-1	-1	-1	0	0	0	-1	0	2147483647	"26,17,0"	"26,40,0"	0	0	0	0	50	0	-1	4	-1	-1	0.2	20	-1	-1	0	0	-1	-1	53	0	2	16	16	"map_circle"	"map_circle_dotted"	38	3	-8	0	-1	-1	-1	-1	-1	-1	-1	-1	25	"26,1,0"	1	1200	20	1.15	0	0	0
"3,60,0,-1,0,-1"	"Mansion House"	17218	55	0	0	41	56	8504	-1	-1	0	0	0	-1	0	0	0	0	-1	0	0	0	0	0	0	1	-0.5	0.5	1	0	0	0	15	8	-1	-1	-1	-1	-1	-1	-1	-1	-1	-1	-1	-1	-1	-1	0	0	0	-1	0	2147483647	"710,26,17,26,19,3,33,0"	"26,43,0"	0	0	0	0	0	0	-1	4	-1	-1	0.2	20	-1	-1	0	0	-1	-1	54	0	2	17	17	"map_circle"	"map_circle_dotted"	38	7	0	-10	56	-1	-1	-1	-1	-1	-1	-1	25	"26,1,0"	1	1200	20	1.15	0	0	0
"3,60,0,-1,0,-1"	"Cannon Street"	17474	56	0	0	55	57	8505	-1	-1	0	0	0	-1	0	0	0	0	-1	0	0	0	0	0	0	1	-0.5	0.5	1	0	0	0	15	8	-1	-1	-1	-1	-1	-1	-1	-1	-1	-1	-1	-1	-1	-1	0	0	0	-1	0	2147483647	"710,26,18,26,19,3,33,0"	"26,43,0"	0	0	0	0	0	0	-1	4	-1	-1	0.2	20	-1	-1	0	0	-1	-1	55	0	2	17	18	"map_circle"	"map_circle_dotted"	38	1	0	8	57	-1	-1	-1	-1	-1	-1	-1	25	"26,1,0"	1	1200	20	1.15	0	0	0
"3,60,0,-1,0,-1"	"Angel Passage"	17730	57	0	0	56	58	8506	-1	-1	0	0	0	-1	0	0	0	0	-1	0	0	0	0	0	0	1	-0.5	0.5	1	0	0	0	0	-1	-1	-1	-1	-1	-1	-1	14	13	-1	-1	-1	-1	-1	-1	0	0	0	-1	0	2147483647	"710,26,18,26,19,3,33,0"	"26,44,0"	0	0	0	0	0	0	-1	4	-1	-1	0.2	0	-1	-1	0	0	-1	-1	56	0	2	17	19	"map_square"	"map_square_dotted"	6	3	-8	0	58	-1	-1	-1	-1	-1	-1	-1	0	"26,0,0"	0	1200	20	1.15	0	0	0
"3,60,0,-1,0,-1"	"Monument Station"	17986	58	0	1	-1	-1	8507	-1	-1	1	0	1	-1	0	1	0	1	-1	0	0	1	1	1	1	1	-0.5	0.5	1	0	0	0	0	-1	-1	-1	-1	-1	-1	-1	-1	-1	-1	-1	-1	-1	-1	-1	0	0	0	141	2	40	"26,22,0"	"26,45,0"	0	0	0	0	0	0	-1	-1	-1	-1	0	0	-1	-1	0	0	-1	-1	57	0	3	19	21	"map_hex"	"map_hex_dotted"	11	3	-8	0	61	79	76	73	59	71	84	-1	0	"26,0,0"	0	-1	-1	1.15	0	0	0
"3,60,0,-1,0,-1"	"Monument Tunnels"	18242	59	0	0	58	60	8531	-1	-1	0	0	0	-1	0	0	0	0	-1	0	0	0	0	0	0	1	-0.5	0.5	1	0	0	0	15	8	-1	-1	-1	-1	-1	-1	-1	-1	-1	-1	-1	-1	-1	-1	0	0	0	-1	0	2147483647	"26,20,0"	"26,45,0"	0	0	0	0	0	0	-1	4	-1	-1	0.2	20	-1	-1	0	0	-1	-1	58	0	3	19	19	"map_circle"	"map_circle_dotted"	38	7	0	-10	60	-1	-1	-1	-1	-1	-1	-1	33	"26,1,0"	1	1200	20	1.15	0	0	0
"3,60,0,-1,0,-1"	"Monument Crawlway"	18498	60	0	0	59	-1	8532	-1	-1	0	0	0	-1	0	0	0	0	-1	0	0	0	0	0	0	1	-0.5	0.5	1	0	0	0	15	8	-1	-1	-1	-1	-1	-1	-1	-1	-1	-1	-1	-1	-1	-1	0	0	0	-1	0	2147483647	"26,20,0"	"26,45,0"	0	0	0	0	0	0	-1	4	-1	-1	0.2	20	-1	-1	0	0	-1	-1	59	0	3	19	18	"map_circle"	"map_circle_dotted"	38	1	0	8	-1	-1	-1	-1	-1	-1	-1	-1	33	"26,1,0"	1	1200	20	1.15	0	0	0
"3,60,0,-1,0,-1"	"Eastcheap"	18754	61	0	0	58	62	8510	-1	-1	0	0	0	-1	0	0	0	0	-1	0	0	0	0	0	0	1	-0.5	0.5	1	0	0	0	15	8	-1	-1	-1	-1	-1	-1	-1	-1	-1	-1	-1	-1	-1	-1	0	0	0	-1	0	2147483647	"26,19,0"	"26,44,0"	0	0	0	0	0	0	-1	4	-1	-1	0.2	20	-1	-1	0	0	-1	-1	60	0	3	17	21	"map_circle"	"map_circle_dotted"	38	1	0	8	62	-1	-1	-1	-1	-1	-1	-1	33	"26,1,0"	1	1200	20	1.15	0	0	0
"3,60,0,-1,0,-1"	"Tudor Street"	19010	62	0	0	61	63	8511	-1	-1	0	0	0	-1	0	0	0	0	-1	0	0	0	0	0	0	1	-0.5	0.5	1	0	0	0	15	8	-1	-1	-1	-1	-1	-1	-1	-1	-1	-1	-1	-1	-1	-1	0	0	0	-1	0	2147483647	"26,19,0"	"26,44,0"	0	0	0	0	0	0	-1	4	-1	-1	0.2	20	-1	-1	0	0	-1	-1	61	0	3	15	19	"map_circle"	"map_circle_dotted"	38	3	-8	0	63	-1	-1	-1	-1	-1	-1	-1	33	"26,1,0"	1	1200	20	1.15	0	0	0
"3,60,0,-1,0,-1"	"Temple Place"	19266	63	0	0	62	42	8512	-1	-1	0	0	0	-1	0	0	0	0	-1	0	0	0	0	0	0	1	-0.5	0.5	1	0	0	0	100	19	-1	-1	-1	-1	-1	-1	-1	-1	-1	-1	-1	-1	-1	-1	0	0	0	-1	0	2147483647	"26,19,0"	"26,44,0"	0	0	0	0	0	0	-1	4	-1	-1	0.2	20	-1	-1	0	0	-1	-1	62	0	3	15	15	"map_circle"	"map_circle_dotted"	38	1	0	8	-1	-1	-1	-1	-1	-1	-1	-1	0	"26,0,0"	1	1200	20	1.15	0	0	0
"3,60,0,-1,0,-1"	"Bell Yard"	19522	64	0	0	42	65	8513	-1	-1	0	0	0	-1	0	0	0	0	-1	0	0	0	0	0	0	1	-0.5	0.5	1	0	0	0	15	8	-1	-1	-1	-1	-1	-1	-1	-1	-1	-1	-1	-1	-1	-1	0	0	0	-1	0	2147483647	"26,20,0"	"26,45,0"	0	0	0	0	50	0	-1	4	-1	-1	0.2	20	-1	-1	0	0	-1	-1	63	0	3	12	16	"map_circle"	"map_circle_dotted"	38	7	0	-10	65	-1	-1	-1	-1	-1	-1	-1	33	"26,1,0"	1	1200	20	1.15	0	0	0
"3,60,0,-1,0,-1"	"Fleet Street"	19778	65	0	0	64	66	8514	-1	-1	0	0	0	-1	0	0	0	0	-1	0	0	0	0	0	0	1	-0.5	0.5	1	0	0	0	15	8	-1	-1	-1	-1	-1	-1	-1	-1	-1	-1	-1	-1	-1	-1	0	0	0	-1	0	2147483647	"26,20,0"	"26,45,0"	0	0	0	0	50	0	-1	4	-1	-1	0.2	20	-1	-1	0	0	-1	-1	64	0	3	12	18	"map_circle"	"map_circle_dotted"	6	1	0	8	66	-1	-1	-1	-1	-1	-1	-1	33	"26,1,0"	1	1200	20	1.15	0	0	0
"3,60,0,-1,0,-1"	"Ludgate Hill"	20034	66	0	0	65	-1	8515	-1	-1	0	0	0	-1	0	0	0	0	-1	0	0	0	0	0	0	1	-0.5	0.5	1	0	0	0	15	8	-1	-1	-1	-1	-1	-1	-1	-1	-1	-1	-1	-1	-1	-1	0	0	0	-1	0	2147483647	"26,21,0"	"26,46,0"	0	0	0	0	0	0	-1	4	-1	-1	0.2	20	-1	-1	0	0	-1	-1	65	0	3	12	19	"map_square"	"map_square_dotted"	38	7	0	-10	-1	-1	-1	-1	-1	-1	-1	-1	33	"26,1,0"	1	1200	20	1.15	0	0	0
"3,60,0,-1,0,-1"	"Kingsway"	20290	67	0	0	42	68	8516	-1	-1	0	0	0	-1	0	0	0	0	-1	0	0	0	0	0	0	1	-0.5	0.5	1	0	0	0	15	8	-1	-1	-1	-1	-1	-1	-1	-1	-1	-1	-1	-1	-1	-1	0	0	0	-1	0	2147483647	"26,21,0"	"26,46,0"	0	0	0	0	0	0	-1	4	-1	-1	0.2	20	-1	-1	0	0	-1	-1	66	0	3	12	14	"map_circle"	"map_circle_dotted"	38	1	0	8	68	-1	-1	-1	-1	-1	-1	-1	33	"26,1,0"	1	1200	20	1.15	0	0	0
"3,60,0,-1,0,-1"	"Stonecutter"	20546	68	0	0	67	69	8517	-1	-1	0	0	0	-1	0	0	0	0	-1	0	0	0	0	0	0	1	-0.5	0.5	1	0	0	0	15	8	-1	-1	-1	-1	-1	-1	-1	-1	-1	-1	-1	-1	-1	-1	0	0	0	-1	0	2147483647	"26,21,0"	"26,46,0"	0	0	0	0	0	0	-1	4	-1	-1	0.2	20	-1	-1	0	0	-1	-1	67	0	3	10	16	"map_circle"	"map_circle_dotted"	38	7	0	-10	69	-1	-1	-1	-1	-1	-1	-1	33	"26,1,0"	1	1200	20	1.15	0	0	0
"3,60,0,-1,0,-1"	"Bishop's Court"	20802	69	0	0	68	70	8518	-1	-1	0	0	0	-1	0	0	0	0	-1	0	0	0	0	0	0	1	-0.5	0.5	1	0	0	0	15	8	-1	-1	-1	-1	-1	-1	-1	-1	-1	-1	-1	-1	-1	-1	0	0	0	-1	0	2147483647	"26,21,0"	"26,47,0"	0	0	0	0	0	0	-1	4	-1	-1	0.2	20	-1	-1	0	0	-1	-1	68	0	3	10	19	"map_square"	"map_square_dotted"	6	7	0	-10	70	-1	-1	-1	-1	-1	-1	-1	33	"26,1,0"	1	1200	20	1.15	0	0	0
"3,60,0,-1,0,-1"	"Old Bailey"	21058	70	0	0	69	-1	8519	-1	-1	0	0	0	-1	0	0	0	0	-1	0	0	0	0	0	0	1	-0.5	0.5	1	0	0	0	15	8	-1	-1	-1	-1	-1	-1	-1	-1	-1	-1	-1	-1	-1	-1	0	0	0	-1	0	2147483647	"26,22,0"	"26,47,0"	0	0	0	0	0	0	-1	4	-1	-1	0.2	20	-1	-1	0	0	-1	-1	69	0	3	10	21	"map_square"	"map_square_dotted"	6	1	0	8	-1	-1	-1	-1	-1	-1	-1	-1	33	"26,1,0"	1	1200	20	1.15	0	0	0
"3,60,0,-1,0,-1"	"Upper Thames"	21314	71	0	0	58	72	8533	-1	-1	0	0	0	-1	0	0	0	0	-1	0	0	0	0	0	0	1	-0.5	0.5	1	0	0	0	15	8	-1	-1	-1	-1	-1	-1	-1	-1	-1	-1	-1	-1	-1	-1	0	0	0	-1	0	2147483647	"26,22,0"	"26,47,0"	0	0	0	0	0	0	-1	4	-1	-1	0.2	20	-1	-1	0	0	-1	-1	70	0	3	21	19	"map_circle"	"map_circle_dotted"	38	7	0	-10	72	-1	-1	-1	-1	-1	-1	-1	33	"26,1,0"	1	1200	20	1.15	0	0	0
"3,60,0,-1,0,-1"	"Waterman's Walk"	21570	72	0	0	71	-1	8534	-1	-1	0	0	0	-1	0	0	0	0	-1	0	0	0	0	0	0	1	-0.5	0.5	1	0	0	0	15	8	-1	-1	-1	-1	-1	-1	-1	-1	-1	-1	-1	-1	-1	-1	0	0	0	-1	0	2147483647	"26,22,0"	"26,47,0"	0	0	0	0	0	0	-1	4	-1	-1	0.2	20	-1	-1	0	0	-1	-1	71	0	3	21	18	"map_circle"	"map_circle_dotted"	38	5	8	0	-1	-1	-1	-1	-1	-1	-1	-1	33	"26,1,0"	1	1200	20	1.15	0	0	0
"3,60,0,-1,0,-1"	"Lower Thames"	21826	73	0	0	58	74	8520	-1	-1	0	0	0	-1	0	0	0	0	-1	0	0	0	0	0	0	1	-0.5	0.5	1	0	0	0	15	8	-1	-1	-1	-1	-1	-1	-1	-1	-1	-1	-1	-1	-1	-1	0	0	0	-1	0	2147483647	"26,22,0"	"26,48,0"	0	0	0	0	0	0	-1	4	-1	-1	0.2	20	-1	-1	0	0	-1	-1	72	0	3	21	21	"map_circle"	"map_circle_dotted"	38	7	0	-10	74	-1	-1	-1	-1	-1	-1	-1	33	"26,1,0"	1	1200	20	1.15	0	0	0
"3,60,0,-1,0,-1"	"Tower Gateway"	22082	74	0	0	73	75	8521	-1	-1	0	0	0	-1	0	0	0	0	-1	0	0	0	0	0	0	1	-0.5	0.5	1	0	0	0	15	8	-1	-1	-1	-1	-1	-1	-1	-1	-1	-1	-1	-1	-1	-1	0	0	0	-1	0	2147483647	"26,23,0"	"26,48,0"	0	0	0	0	0	0	-1	4	-1	-1	0.2	20	-1	-1	0	0	-1	-1	73	0	3	22	22	"map_circle"	"map_circle_dotted"	38	7	0	-10	75	-1	-1	-1	-1	-1	-1	-1	33	"26,1,0"	1	1200	20	1.15	0	0	0
"3,60,0,-1,0,-1"	"Tower of London"	22338	75	0	0	74	-1	8522	-1	-1	0	0	0	-1	0	0	0	0	-1	0	0	0	0	0	0	1	-0.5	0.5	1	0	0	0	0	-1	-1	-1	-1	-1	-1	-1	-1	-1	-1	-1	-1	-1	-1	-1	0	0	0	-1	0	2147483647	"26,23,0"	"26,48,0"	0	0	0	0	0	0	-1	4	-1	-1	0	0	-1	-1	0	0	-1	-1	74	0	3	22	25	"map_square"	"map_square_dotted"	6	7	0	-10	-1	-1	-1	-1	-1	-1	-1	-1	0	"26,0,0"	0	-1	-1	1.15	1	0	0
"3,60,0,-1,0,-1"	"Fenchurch"	21828	76	0	0	58	77	8523	-1	-1	0	0	0	-1	0	0	0	0	-1	0	0	0	0	0	0	1	-0.5	0.5	1	0	0	0	15	8	-1	-1	-1	-1	-1	-1	-1	-1	-1	-1	-1	-1	-1	-1	0	0	0	-1	0	2147483647	"26,23,0"	"26,48,0"	0	0	0	0	0	0	-1	4	-1	-1	0.2	20	-1	-1	0	0	-1	-1	75	0	3	19	23	"map_circle"	"map_circle_dotted"	38	7	0	-10	77	-1	-1	-1	-1	-1	-1	-1	33	"26,1,0"	1	1200	20	1.15	0	0	0
"3,60,0,-1,0,-1"	"Trinity Square"	22850	78	0	0	76	78	8524	-1	-1	0	0	0	-1	0	0	0	0	-1	0	0	0	0	0	0	1	-0.5	0.5	1	0	0	0	15	8	-1	-1	-1	-1	-1	-1	-1	-1	-1	-1	-1	-1	-1	-1	0	0	0	-1	0	2147483647	"26,23,0"	"26,49,0"	0	0	0	0	0	0	-1	4	-1	-1	0.2	20	-1	-1	0	0	-1	-1	76	0	3	15	23	"map_circle"	"map_circle_dotted"	38	3	-8	0	78	-1	-1	-1	-1	-1	-1	-1	33	"26,1,0"	1	1200	20	1.15	0	0	0
"3,60,0,-1,0,-1"	"Aldgate"	23106	79	0	0	77	-1	8525	-1	-1	0	0	0	-1	0	0	0	0	-1	0	0	0	0	0	0	1	-0.5	0.5	1	0	0	0	15	8	-1	-1	-1	-1	-1	-1	-1	-1	-1	-1	-1	-1	-1	-1	0	0	0	-1	0	2147483647	"26,24,0"	"26,49,0"	0	0	0	0	0	0	-1	4	-1	-1	0.2	20	-1	-1	0	0	-1	-1	77	0	3	14	22	"map_square"	"map_square_dotted"	6	3	-8	0	-1	-1	-1	-1	-1	-1	-1	-1	33	"26,1,0"	1	300	30	1.15	0	0	0
"3,60,0,-1,0,-1"	"King William Street"	24898	80	0	0	58	80	8526	-1	-1	0	0	0	-1	0	0	0	0	-1	0	0	0	0	0	0	1	-0.5	0.5	1	0	0	0	15	8	-1	-1	-1	-1	-1	-1	-1	-1	-1	-1	-1	-1	-1	-1	0	0	0	-1	0	2147483647	"26,24,0"	"26,49,0"	0	0	0	0	0	0	-1	4	-1	-1	0.2	20	-1	-1	0	0	-1	-1	78	0	3	18	22	"map_circle"	"map_circle_dotted"	38	3	-8	0	80	-1	-1	-1	-1	-1	-1	-1	33	"26,1,0"	1	1200	20	1.15	0	0	0
"3,60,0,-1,0,-1"	"Threadneedle"	25154	81	0	0	79	81	8527	-1	-1	0	0	0	-1	0	0	0	0	-1	0	0	0	0	0	0	1	-0.5	0.5	1	0	0	0	15	8	-1	-1	-1	-1	-1	-1	-1	-1	-1	-1	-1	-1	-1	-1	0	0	0	-1	0	2147483647	"26,24,0"	"26,50,0"	0	0	0	0	0	0	-1	4	-1	-1	0.2	20	-1	-1	0	0	-1	-1	79	0	3	16	22	"map_circle"	"map_circle_dotted"	38	5	8	0	81	-1	-1	-1	-1	-1	-1	-1	33	"26,1,0"	1	1200	20	1.15	0	0	0
"3,60,0,-1,0,-1"	"Cannon Street Rail"	25410	82	0	0	80	82	8528	-1	-1	0	0	0	-1	0	0	0	0	-1	0	0	0	0	0	0	1	-0.5	0.5	1	0	0	0	15	8	-1	-1	-1	-1	-1	-1	-1	-1	-1	-1	-1	-1	-1	-1	0	0	0	-1	0	2147483647	"26,24,0"	"26,50,0"	0	0	0	0	0	0	-1	4	-1	-1	0.2	20	-1	-1	0	0	-1	-1	80	0	3	14	20	"map_square"	"map_square_dotted"	6	1	0	8	82	-1	-1	-1	-1	-1	-1	-1	33	"26,1,0"	1	1200	20	1.15	0	0	0
"3,60,0,-1,0,-1"	"Exodus"	25666	83	0	0	81	83	8529	-1	-1	0	0	0	-1	0	0	0	0	-1	0	1	0	0	0	0	1	-0.5	0.5	1	0	0	0	0	-1	-1	-1	-1	-1	-1	-1	16	15	-1	-1	-1	-1	-1	-1	0	0	0	-1	0	2147483647	"26,25,0"	"26,50,0"	0	0	0	0	0	0	-1	4	-1	-1	0.2	20	-1	-1	0	0	-1	-1	81	0	3	14	18	"map_square"	"map_square_dotted"	6	1	0	8	83	-1	-1	-1	-1	-1	-1	-1	0	"26,0,0"	0	1200	20	1.15	1	0	0
"3,60,0,-1,0,-1"	"Crown Office Row"	25922	84	0	0	82	42	8530	-1	-1	0	0	0	-1	0	0	0	0	-1	0	0	0	0	0	0	1	-0.5	0.5	1	0	0	0	0	-1	-1	-1	-1	-1	-1	-1	-1	-1	-1	-1	-1	-1	-1	-1	0	0	0	-1	0	2147483647	"26,25,0"	"26,50,0"	0	0	0	0	0	0	-1	4	-1	-1	0.2	0	-1	-1	0	0	-1	-1	82	0	3	14	16	"map_circle"	"map_circle_dotted"	38	1	0	8	42	-1	-1	-1	-1	-1	-1	-1	0	"26,0,0"	0	-1	-1	1.15	0	0	0
"3,60,0,-1,0,-1"	"Mark Lane Approach"	26178	85	0	0	58	85	8535	-1	-1	0	0	0	-1	0	0	0	0	-1	0	0	0	0	0	0	1	-0.5	0.5	1	0	0	0	15	8	-1	-1	-1	-1	-1	-1	-1	-1	-1	-1	-1	-1	-1	-1	0	0	0	-1	0	2147483647	"26,25,0"	"26,51,0"	0	0	0	0	0	0	-1	4	-1	-1	0.2	20	-1	-1	0	0	-1	-1	83	0	4	20	22	"map_circle"	"map_circle_dotted"	38	7	0	-10	85	-1	-1	-1	-1	-1	-1	-1	33	"26,1,0"	1	1200	20	1.15	0	0	0
"3,60,0,-1,0,-1"	"Mark Lane Station"	26434	86	0	0	84	86	8536	-1	-1	0	0	0	-1	0	0	0	0	-1	0	0	0	0	0	0	1	-0.5	0.5	1	0	0	0	15	8	-1	-1	-1	-1	-1	-1	-1	-1	-1	-1	-1	-1	-1	-1	0	0	0	-1	0	2147483647	"26,25,0"	"26,51,0"	0	0	0	0	0	0	-1	4	-1	-1	0.2	20	-1	-1	0	0	-1	-1	84	0	4	20	25	"map_circle"	"map_circle_dotted"	38	7	0	-10	86	-1	-1	-1	-1	-1	-1	-1	33	"26,1,0"	1	1200	20	1.15	0	0	0
"3,60,0,-1,0,-1"	"Liverpool Approach"	26690	87	0	0	85	87	8537	-1	-1	0	0	0	-1	0	0	0	0	-1	0	0	0	0	0	0	1	-0.5	0.5	1	0	0	0	15	8	-1	-1	-1	-1	-1	-1	-1	-1	-1	-1	-1	-1	-1	-1	0	0	0	-1	0	2147483647	"26,25,0"	"26,51,0"	0	0	0	0	0	0	-1	4	-1	-1	0.2	20	-1	-1	0	0	-1	-1	85	0	4	18	27	"map_circle"	"map_circle_dotted"	38	7	0	-10	87	-1	-1	-1	-1	-1	-1	-1	33	"26,1,0"	1	1200	20	1.15	0	0	0
"3,60,0,-1,0,-1"	"Liverpool Street Station"	26946	88	0	1	-1	-1	8538	-1	-1	1	0	1	-1	0	1	0	1	-1	0	0	1	1	1	1	1	-0.5	0.5	1	0	0	0	0	-1	-1	-1	-1	-1	-1	-1	-1	-1	-1	-1	-1	-1	-1	-1	0	0	0	144	2	24	"26,26,0"	"26,51,0"	0	0	0	0	0	0	-1	-1	-1	-1	0	0	-1	-1	0	0	-1	-1	86	0	4	16	27	"map_hex"	"map_hex_dotted"	11	5	8	0	88	113	92	90	99	102	-1	-1	0	0	0	-1	-1	1.15	0	0	0
"3,60,0,-1,0,-1"	"Liverpool Tunnels"	27202	89	0	0	87	89	8539	-1	-1	0	0	0	-1	0	0	0	0	-1	0	0	0	0	0	0	1	-0.5	0.5	1	0	0	0	15	8	-1	-1	-1	-1	-1	-1	-1	-1	-1	-1	-1	-1	-1	-1	0	0	0	-1	0	2147483647	"26,25,0"	"26,51,0"	0	0	0	0	0	0	-1	4	-1	-1	0.2	20	-1	-1	0	0	-1	-1	87	0	4	17	26	"map_circle"	"map_circle_dotted"	38	7	0	-10	89	-1	-1	-1	-1	-1	-1	-1	33	"26,1,0"	1	1200	20	1.15	0	0	0
"3,60,0,-1,0,-1"	"Abandoned Tunnels"	27458	90	0	0	88	-1	8540	-1	-1	0	0	0	-1	0	0	0	0	-1	0	0	0	0	0	0	1	-0.5	0.5	1	0	0	0	15	8	-1	-1	-1	-1	-1	-1	-1	-1	-1	-1	-1	-1	-1	-1	0	0	0	-1	0	2147483647	"26,26,0"	"26,52,0"	0	0	0	0	0	0	-1	4	-1	-1	0.2	20	-1	-1	0	0	-1	-1	88	0	4	17	25	"map_circle"	"map_circle_dotted"	38	5	8	0	-1	-1	-1	-1	-1	-1	-1	-1	33	"26,1,0"	1	1200	20	1.15	0	0	0
"3,60,0,-1,0,-1"	"Devonshire Square"	27714	91	0	0	87	91	8541	-1	-1	0	0	0	-1	0	0	0	0	-1	0	0	0	0	0	0	1	-0.5	0.5	1	0	0	0	15	8	-1	-1	-1	-1	-1	-1	-1	-1	-1	-1	-1	-1	-1	-1	0	0	0	-1	0	2147483647	"26,26,0"	"26,52,0"	0	0	0	0	0	0	-1	4	-1	-1	0.2	20	-1	-1	0	0	-1	-1	89	0	4	16	29	"map_circle"	"map_circle_dotted"	38	7	0	-10	91	-1	-1	-1	-1	-1	-1	-1	33	"26,1,0"	1	1200	20	1.15	0	0	0
"3,60,0,-1,0,-1"	"Houndsditch"	27970	92	0	0	90	-1	8542	-1	-1	0	0	0	-1	0	0	0	0	-1	0	0	0	0	0	0	1	-0.5	0.5	1	0	0	0	15	8	-1	-1	-1	-1	-1	-1	-1	-1	-1	-1	-1	-1	-1	-1	0	0	0	-1	0	2147483647	"26,26,0"	"26,52,0"	0	0	0	0	0	0	-1	4	-1	-1	0.2	20	-1	-1	0	0	-1	-1	90	0	4	16	30	"map_circle"	"map_circle_dotted"	38	1	0	8	-1	-1	-1	-1	-1	-1	-1	-1	33	"26,1,0"	1	1200	20	1.15	0	0	0
"3,60,0,-1,0,-1"	"Primrose"	28226	93	0	0	87	93	8543	-1	-1	0	0	0	-1	0	0	0	0	-1	0	0	0	0	0	0	1	-0.5	0.5	1	0	0	0	15	8	-1	-1	-1	-1	-1	-1	-1	-1	-1	-1	-1	-1	-1	-1	0	0	0	-1	0	2147483647	"26,26,0"	"26,53,0"	0	0	0	0	0	0	-1	4	-1	-1	0.2	20	-1	-1	0	0	-1	-1	91	0	4	15	28	"map_circle"	"map_circle_dotted"	38	3	-8	0	93	-1	-1	-1	-1	-1	-1	-1	33	"26,1,0"	1	1200	20	1.15	0	0	0
"3,60,0,-1,0,-1"	"Shoreditch"	28482	94	0	0	92	94	8544	-1	-1	0	0	0	-1	0	0	0	0	-1	0	0	0	0	0	0	1	-0.5	0.5	1	0	0	0	15	8	-1	-1	-1	-1	-1	-1	-1	-1	-1	-1	-1	-1	-1	-1	0	0	0	-1	0	2147483647	"26,26,0"	"26,53,0"	0	0	0	0	0	0	-1	4	-1	-1	0.2	20	-1	-1	0	0	-1	-1	92	0	4	14	29	"map_circle"	"map_circle_dotted"	38	5	8	0	94	-1	-1	-1	-1	-1	-1	-1	33	"26,1,0"	1	1200	20	1.15	0	0	0
"3,60,0,-1,0,-1"	"Necropolis Level 1"	28738	95	0	0	93	95	8545	-1	-1	0	0	0	-1	0	0	0	0	-1	0	0	0	0	0	0	1	-0.5	0.5	1	0	0	0	15	8	-1	-1	-1	-1	-1	-1	-1	-1	-1	-1	-1	-1	-1	-1	0	0	0	-1	0	2147483647	"26,27,0"	"26,53,0"	0	0	0	0	0	0	-1	4	-1	-1	0.2	20	-1	-1	0	0	-1	-1	93	0	4	14	30	"map_square"	"map_square_dotted"	134	1	0	8	-1	-1	-1	-1	-1	-1	-1	-1	33	"26,1,0"	1	1200	20	1.15	0	0	0
"3,60,0,-1,0,-1"	"Necropolis Level 2"	28994	96	0	0	94	96	8546	-1	-1	0	0	0	-1	0	0	0	0	-1	0	0	0	0	0	0	1	-0.5	0.5	1	0	0	0	15	8	-1	-1	-1	-1	-1	-1	-1	-1	-1	-1	-1	-1	-1	-1	0	0	0	-1	0	2147483647	"26,27,0"	"26,53,0"	0	0	0	0	0	0	-1	4	-1	-1	0.2	20	-1	-1	0	0	-1	-1	94	0	4	-1	-1			-1	0	0	0	-1	-1	-1	-1	-1	-1	-1	-1	33	"26,1,0"	1	1200	20	1.15	0	0	0
"3,60,0,-1,0,-1"	"Necropolis Level 3"	29250	97	0	0	95	97	8547	-1	-1	0	0	0	-1	0	0	0	0	-1	0	0	0	0	0	0	1	-0.5	0.5	1	0	0	0	15	8	-1	-1	-1	-1	-1	-1	-1	-1	-1	-1	-1	-1	-1	-1	0	0	0	-1	0	2147483647	"26,27,0"	"26,54,0"	0	0	0	0	0	0	-1	4	-1	-1	0.2	20	-1	-1	0	0	-1	-1	95	0	4	-1	-1			-1	0	0	0	-1	-1	-1	-1	-1	-1	-1	-1	33	"26,1,0"	1	1200	20	1.15	0	0	0
"3,60,0,-1,0,-1"	"Necropolis Level 4"	29506	98	0	0	96	98	8548	-1	-1	0	0	0	-1	0	0	0	0	-1	0	0	0	0	0	0	1	-0.5	0.5	1	0	0	0	15	8	-1	-1	-1	-1	-1	-1	-1	-1	-1	-1	-1	-1	-1	-1	0	0	0	-1	0	2147483647	"26,27,0"	"26,54,0"	0	0	0	0	0	0	-1	4	-1	-1	0.2	20	-1	-1	0	0	-1	-1	96	0	4	-1	-1			-1	0	0	0	-1	-1	-1	-1	-1	-1	-1	-1	33	"26,1,0"	1	1200	20	1.15	0	0	0
"3,60,0,-1,0,-1"	"Necropolis Level 5"	29762	99	0	0	97	-1	8549	-1	-1	0	0	0	-1	0	0	0	0	-1	0	0	0	0	0	0	1	-0.5	0.5	1	0	0	0	15	8	-1	-1	-1	-1	-1	-1	-1	-1	-1	-1	-1	-1	-1	-1	0	0	0	-1	0	2147483647	"26,27,0"	"26,54,0"	0	0	0	0	0	0	-1	4	-1	-1	0.2	20	-1	-1	0	0	-1	-1	97	0	4	-1	-1			-1	0	0	0	-1	-1	-1	-1	-1	-1	-1	-1	33	"26,1,0"	1	1200	20	1.15	0	0	0
"3,60,0,-1,0,-1"	"Bishopsgate"	30018	100	0	0	87	100	8550	-1	-1	0	0	0	-1	0	0	0	0	-1	0	0	0	0	0	0	1	-0.5	0.5	1	0	0	0	15	8	-1	-1	-1	-1	-1	-1	-1	-1	-1	-1	-1	-1	-1	-1	0	0	0	-1	0	2147483647	"26,27,0"	"26,54,0"	0	0	0	0	0	0	-1	4	-1	-1	0.2	20	-1	-1	0	0	-1	-1	98	0	4	17	28	"map_circle"	"map_circle_dotted"	38	7	0	-10	100	-1	-1	-1	-1	-1	-1	-1	33	"26,1,0"	1	1200	20	1.15	0	0	0
"3,60,0,-1,0,-1"	"Wormwood"	30274	101	0	0	99	101	8551	-1	-1	0	0	0	-1	0	0	0	0	-1	0	0	0	0	0	0	1	-0.5	0.5	1	0	0	0	15	8	-1	-1	-1	-1	-1	-1	-1	-1	-1	-1	-1	-1	-1	-1	0	0	0	-1	0	2147483647	"26,28,0"	"26,55,0"	0	0	0	0	0	0	-1	4	-1	-1	0.2	20	-1	-1	0	0	-1	-1	99	0	4	18	29	"map_circle"	"map_circle_dotted"	38	3	-8	0	101	-1	-1	-1	-1	-1	-1	-1	33	"26,1,0"	1	1200	20	1.15	0	0	0
"3,60,0,-1,0,-1"	"Undershaft"	30530	102	0	0	100	-1	8552	-1	-1	0	0	0	-1	0	0	0	0	-1	0	0	0	0	0	0	1	-0.5	0.5	1	0	0	0	15	8	-1	-1	-1	-1	-1	-1	-1	-1	-1	-1	-1	-1	-1	-1	0	0	0	-1	0	2147483647	"26,28,0"	"26,55,0"	0	0	0	0	0	0	-1	4	-1	-1	0.2	20	-1	-1	0	0	-1	-1	100	0	4	19	29	"map_circle"	"map_circle_dotted"	38	3	-8	0	-1	-1	-1	-1	-1	-1	-1	-1	33	"26,1,0"	1	1200	20	1.15	0	0	0
"3,60,0,-1,0,-1"	"Finsbury Square"	30786	103	0	0	-1	-1	8561	-1	-1	1	0	1	-1	0	1	0	1	-1	0	1	1	1	1	1	1	-0.5	0.5	1	0	0	0	0	-1	-1	-1	-1	-1	-1	-1	-1	-1	-1	-1	-1	-1	-1	-1	0	0	0	143	2	16	"26,28,0"	"26,55,0"	0	0	0	0	0	0	-1	-1	-1	-1	0	0	-1	-1	0	0	-1	-1	101	0	4	12	27	"map_hex"	"map_hex_dotted"	6	1	0	8	103	105	107	109	111	-1	-1	-1	0	"26,0,0"	0	-1	-1	1.15	0	0	0
"3,60,0,-1,0,-1"	"Finsbury Circus"	31042	104	0	0	102	104	8562	-1	-1	0	0	0	-1	0	0	0	0	-1	0	0	0	0	0	0	1	-0.5	0.5	1	0	0	0	15	8	-1	-1	-1	-1	-1	-1	-1	-1	-1	-1	-1	-1	-1	-1	0	0	0	-1	0	2147483647	"26,28,0"	"26,57,0"	0	0	0	0	0	0	-1	4	-1	-1	0.24	20	-1	-1	0	0	-1	-1	102	0	4	12	26	"map_circle"	"map_circle_dotted"	38	7	0	-10	104	-1	-1	-1	-1	-1	-1	-1	33	"26,1,0"	1	1200	20	1.15	0	0	0
"3,60,0,-1,0,-1"	"London Wall"	31298	105	0	21	103	-1	8563	-1	-1	0	0	0	-1	0	0	0	0	-1	0	1	0	0	0	0	1	-0.5	0.5	1	0	0	0	0	-1	-1	-1	-1	-1	-1	-1	-1	-1	-1	-1	-1	-1	-1	-1	0	0	0	-1	0	2147483647	"26,29,0"	"26,58,0"	0	0	0	0	0	0	-1	-1	-1	-1	0	0	-1	-1	0	0	-1	-1	103	0	4	11	25	"map_square"	"map_square_dotted"	6	5	8	0	-1	-1	-1	-1	-1	-1	-1	-1	0	"26,0,0"	0	-1	-1	1.15	0	0	0
"3,60,0,-1,0,-1"	"Moorgate"	16707	106	0	0	102	106	8564	-1	-1	0	0	0	-1	0	0	0	0	-1	0	0	0	0	0	0	1	-0.5	0.5	1	0	0	0	15	8	-1	-1	-1	-1	-1	-1	-1	-1	-1	-1	-1	-1	-1	-1	0	0	0	-1	0	2147483647	"26,28,0"	"26,57,0"	0	0	0	0	0	0	-1	4	-1	-1	0.24	20	-1	-1	0	0	-1	-1	104	0	4	10	25	"map_circle"	"map_circle_dotted"	38	5	8	0	106	-1	-1	-1	-1	-1	-1	-1	33	"26,1,0"	1	1200	20	1.15	0	0	0
"3,60,0,-1,0,-1"	"Ropemaker Street"	16963	107	0	22	105	-1	8565	-1	-1	0	0	0	-1	0	0	0	0	-1	0	1	0	0	0	0	1	-0.5	0.5	1	0	0	0	0	-1	-1	-1	-1	-1	-1	-1	-1	-1	-1	-1	-1	-1	-1	-1	0	0	0	-1	0	2147483647	"26,29,0"	"26,57,0"	0	0	0	0	0	0	-1	-1	-1	-1	0	0	-1	-1	0	0	-1	-1	105	0	4	9	26	"map_square"	"map_square_dotted"	6	5	8	0	-1	-1	-1	-1	-1	-1	-1	-1	0	"26,0,0"	0	-1	-1	1.15	0	0	0
"3,60,0,-1,0,-1"	"Lamb's Passage"	17219	108	0	0	102	108	8566	-1	-1	0	0	0	-1	0	0	0	0	-1	0	0	0	0	0	0	1	-0.5	0.5	1	0	0	0	15	8	-1	-1	-1	-1	-1	-1	-1	-1	-1	-1	-1	-1	-1	-1	0	0	0	-1	0	2147483647	"26,29,0"	"26,56,0"	0	0	0	0	0	0	-1	4	-1	-1	0.24	20	-1	-1	0	0	-1	-1	106	0	4	10	27	"map_circle"	"map_circle_dotted"	38	3	-8	0	108	-1	-1	-1	-1	-1	-1	-1	33	"26,1,0"	1	1200	20	1.15	0	0	0
"3,60,0,-1,0,-1"	"Whitecross"	17475	109	0	23	107	-1	8567	-1	-1	0	0	0	-1	0	0	0	0	-1	0	1	0	0	0	0	1	-0.5	0.5	1	0	0	0	0	-1	-1	-1	-1	-1	-1	-1	-1	-1	-1	-1	-1	-1	-1	-1	0	0	0	-1	0	2147483647	"26,29,0"	"26,57,0"	0	0	0	0	0	0	-1	-1	-1	-1	0	0	-1	-1	0	0	-1	-1	107	0	4	9	27	"map_square"	"map_square_dotted"	6	1	0	8	-1	-1	-1	-1	-1	-1	-1	-1	0	"26,0,0"	0	-1	-1	1.15	0	0	0
"3,60,0,-1,0,-1"	"Mark Square"	17731	110	0	0	102	110	8568	-1	-1	0	0	0	-1	0	0	0	0	-1	0	0	0	0	0	0	1	-0.5	0.5	1	0	0	0	15	8	-1	-1	-1	-1	-1	-1	-1	-1	-1	-1	-1	-1	-1	-1	0	0	0	-1	0	2147483647	"26,29,0"	"26,56,0"	0	0	0	0	0	0	-1	4	-1	-1	0.24	20	-1	-1	0	0	-1	-1	108	0	4	10	29	"map_circle"	"map_circle_dotted"	38	3	-8	0	110	-1	-1	-1	-1	-1	-1	-1	33	"26,1,0"	1	1200	20	1.15	0	0	0
"3,60,0,-1,0,-1"	"Old Street"	17987	111	0	0	109	-1	8569	-1	-1	0	0	0	-1	0	0	0	0	-1	0	1	0	0	0	0	1	-0.5	0.5	1	0	0	0	0	-1	-1	-1	-1	-1	-1	-1	-1	-1	-1	-1	-1	-1	-1	-1	0	0	0	-1	0	2147483647	"26,29,0"	"26,56,0"	0	0	0	0	0	0	-1	-1	-1	-1	0	0	-1	-1	0	0	-1	-1	109	0	4	9	28	"map_square"	"map_square_dotted"	6	3	-8	0	-1	-1	-1	-1	-1	-1	-1	-1	0	"26,0,0"	0	-1	-1	1.15	0	0	0
"3,60,0,-1,0,-1"	"Finsbury Market"	18243	112	0	0	102	112	8570	-1	-1	0	0	0	-1	0	0	0	0	-1	0	0	0	0	0	0	1	-0.5	0.5	1	0	0	0	15	8	-1	-1	-1	-1	-1	-1	-1	-1	-1	-1	-1	-1	-1	-1	0	0	0	-1	0	2147483647	"26,29,0"	"26,55,0"	0	0	0	0	0	0	-1	4	-1	-1	0.24	20	-1	-1	0	0	-1	-1	110	0	4	12	28	"map_circle"	"map_circle_dotted"	38	7	0	-10	112	-1	-1	-1	-1	-1	-1	-1	33	"26,1,0"	1	1200	20	1.15	0	0	0
"3,60,0,-1,0,-1"	"Ploughyard"	18499	113	0	0	111	-1	8571	-1	-1	0	0	0	-1	0	0	0	0	-1	0	1	0	0	0	0	1	-0.5	0.5	1	0	0	0	0	-1	-1	-1	-1	-1	-1	-1	18	17	-1	-1	-1	-1	-1	-1	0	0	0	-1	0	2147483647	"26,29,0"	"26,56,0"	0	0	0	0	0	0	-1	-1	-1	-1	0	0	-1	-1	0	0	-1	-1	111	0	4	11	29	"map_square"	"map_square_dotted"	6	3	-8	0	-1	-1	-1	-1	-1	-1	-1	-1	0	"26,0,0"	0	-1	-1	1.15	1	0	0
"3,60,0,-1,0,-1"	"Guildhall"	18755	114	0	0	87	114	8553	-1	-1	0	0	0	-1	0	0	0	0	-1	0	0	0	0	0	0	1	-0.5	0.5	1	0	0	0	15	8	-1	-1	-1	-1	-1	-1	-1	-1	-1	-1	-1	-1	-1	-1	0	0	0	-1	0	2147483647	"26,29,0"	"26,58,0"	0	0	0	0	0	0	-1	4	-1	-1	0.24	20	-1	-1	0	0	-1	-1	112	0	4	15	26	"map_circle"	"map_circle_dotted"	38	5	8	0	114	-1	-1	-1	-1	-1	-1	-1	33	"26,1,0"	1	1200	20	1.15	0	0	0
"3,60,0,-1,0,-1"	"St. Paul's Approach"	19011	115	0	0	113	115	8554	-1	-1	0	0	0	-1	0	0	0	0	-1	0	0	0	0	0	0	1	-0.5	0.5	1	0	0	0	15	8	-1	-1	-1	-1	-1	-1	-1	-1	-1	-1	-1	-1	-1	-1	0	0	0	-1	0	2147483647	"26,29,0"	"26,58,0"	0	0	0	0	0	0	-1	4	-1	-1	0.24	20	-1	-1	0	0	-1	-1	113	0	4	14	26	"map_circle"	"map_circle_dotted"	38	5	8	0	115	-1	-1	-1	-1	-1	-1	-1	33	"26,1,0"	1	1200	20	1.15	0	0	0
"3,60,0,-1,0,-1"	"St. Paul's Station"	19267	116	0	1	-1	-1	8555	-1	-1	1	0	1	-1	0	1	0	1	-1	0	0	1	1	1	1	1	-0.5	0.5	1	0	0	0	0	-1	-1	-1	-1	-1	-1	-1	-1	-1	-1	-1	-1	-1	-1	-1	0	0	0	145	2	40	"26,29,0"	"26,59,0"	0	0	0	0	0	0	-1	-1	-1	-1	0	0	-1	-1	0	0	-1	-1	114	0	4	12	24	"map_hex"	"map_hex_dotted"	11	3	-8	0	118	116	120	-1	-1	-1	-1	-1	0	"26,0,0"	0	-1	-1	1.15	0	0	0
"3,60,0,-1,0,-1"	"Church Yard"	19523	117	0	0	115	117	8557	-1	-1	0	0	0	-1	0	0	0	0	-1	0	0	0	0	0	0	1	-0.5	0.5	1	0	0	0	15	8	-1	-1	-1	-1	-1	-1	-1	-1	-1	-1	-1	-1	-1	-1	0	0	0	-1	0	2147483647	"26,29,0"	"26,59,0"	0	0	0	0	0	0	-1	4	-1	-1	0.24	20	-1	-1	0	0	-1	-1	115	0	4	13	23	"map_circle"	"map_circle_dotted"	38	1	0	8	117	-1	-1	-1	-1	-1	-1	-1	33	"26,1,0"	1	1200	20	1.15	0	0	0
"3,60,0,-1,0,-1"	"Paternoster Row"	19779	118	0	0	116	-1	8558	-1	-1	0	0	0	-1	0	0	0	0	-1	0	0	0	0	0	0	1	-0.5	0.5	1	0	0	0	15	8	-1	-1	-1	-1	-1	-1	-1	-1	-1	-1	-1	-1	-1	-1	0	0	0	-1	0	2147483647	"26,29,0"	"26,59,0"	0	0	0	0	0	0	-1	4	-1	-1	0.24	20	-1	-1	0	0	-1	-1	116	0	4	14	24	"map_circle"	"map_circle_dotted"	38	1	0	8	-1	-1	-1	-1	-1	-1	-1	-1	33	"26,1,0"	1	1200	20	1.15	0	0	0
"3,60,0,-1,0,-1"	"Cheapside"	20035	119	0	0	115	119	8559	-1	-1	0	0	0	-1	0	0	0	0	-1	0	0	0	0	0	0	1	-0.5	0.5	1	0	0	0	15	8	-1	-1	-1	-1	-1	-1	-1	-1	-1	-1	-1	-1	-1	-1	0	0	0	-1	0	2147483647	"26,29,0"	"26,59,0"	0	0	0	0	0	0	-1	4	-1	-1	0.24	20	-1	-1	0	0	-1	-1	117	0	4	11	23	"map_circle"	"map_circle_dotted"	38	5	8	0	119	-1	-1	-1	-1	-1	-1	-1	33	"26,1,0"	1	1200	20	1.15	0	0	0
"3,60,0,-1,0,-1"	"Little Britain"	20291	120	0	0	118	-1	8560	-1	-1	0	0	0	-1	0	0	0	0	-1	0	0	0	0	0	0	1	-0.5	0.5	1	0	0	0	15	8	-1	-1	-1	-1	-1	-1	-1	-1	-1	-1	-1	-1	-1	-1	0	0	0	-1	0	2147483647	"26,30,0"	"26,59,0"	0	0	0	0	0	0	-1	4	-1	-1	0.24	20	-1	-1	0	0	-1	-1	118	0	4	9	23	"map_circle"	"map_circle_dotted"	38	1	0	8	-1	-1	-1	-1	-1	-1	-1	-1	33	"26,1,0"	1	1200	20	1.15	0	0	0
"3,60,0,-1,0,-1"	"St. Paul's Hellgate"	20547	121	0	0	115	121	8556	-1	-1	0	0	0	-1	0	0	0	0	-1	0	0	0	0	0	0	1	-0.5	0.5	1	0	0	0	0	-1	-1	-1	-1	-1	-1	-1	-1	-1	-1	-1	-1	-1	-1	-1	0	0	0	-1	0	2147483647	"26,30,0"	"26,60,0"	0	0	0	0	0	0	-1	4	-1	-1	0.32	20	-1	-1	0	0	-1	-1	119	0	4	12	21	"map_square"	"map_square_dotted"	134	1	0	8	-1	-1	-1	-1	-1	-1	-1	-1	0	0	0	1200	20	1.65	0	0	0
"3,60,0,-1,0,-1"	"Hell"	20803	122	0	0	120	-1	8572	-1	-1	0	0	0	-1	0	0	0	0	-1	0	1	0	0	0	0	1	-0.5	0.5	1	0	0	0	0	-1	-1	-1	-1	-1	-1	-1	-1	-1	-1	-1	-1	-1	-1	-1	0	0	0	-1	0	2147483647	"26,30,0"	"26,60,0"	0	0	0	0	0	0	-1	-1	-1	-1	0.24	50	-1	-1	0	0	-1	-1	120	0	4	-1	-1			-1	0	0	0	-1	-1	-1	-1	-1	-1	-1	-1	0	0	0	1200	20	1.15	0	0	0
"3,48,10,-1,0,-1"		0	0	0	-1	-1	-1	-1	-1	-1	0	0	0	-1	0	0	0	0	-1	0	0	0	0	0	0	1	-0.5	0.5	1	0	0	0	0	-1	-1	-1	-1	-1	-1	-1	-1	-1	-1	-1	-1	-1	-1	-1	0	0	0	-1	-1	2147483647	0	0	0	0	0	0	0	0	-1	-1	-1	-1	0	0	-1	-1	0	0	-1	-1	-1	0	-1	-1	-1			-1	-1	0	0	-1	-1	-1	-1	-1	-1	-1	-1	0	0	0	-1	-1	1.15	0	0	0
"3,48,10,-1,0,-1"		0	0	0	-1	-1	-1	-1	-1	-1	0	0	0	-1	0	0	0	0	-1	0	0	0	0	0	0	1	-0.5	0.5	1	0	0	0	0	-1	-1	-1	-1	-1	-1	-1	-1	-1	-1	-1	-1	-1	-1	-1	0	0	0	-1	-1	2147483647	0	0	0	0	0	0	0	0	-1	-1	-1	-1	0	0	-1	-1	0	0	-1	-1	-1	0	-1	-1	-1			-1	-1	0	0	-1	-1	-1	-1	-1	-1	-1	-1	0	0	0	-1	-1	1.15	0	0	0
"3,48,10,-1,0,-1"		0	0	0	-1	-1	-1	-1	-1	-1	0	0	0	-1	0	0	0	0	-1	0	0	0	0	0	0	1	-0.5	0.5	1	0	0	0	0	-1	-1	-1	-1	-1	-1	-1	-1	-1	-1	-1	-1	-1	-1	-1	0	0	0	-1	-1	2147483647	0	0	0	0	0	0	0	0	-1	-1	-1	-1	0	0	-1	-1	0	0	-1	-1	-1	0	-1	-1	-1			-1	-1	0	0	-1	-1	-1	-1	-1	-1	-1	-1	0	0	0	-1	-1	1.15	0	0	0
"3,48,10,-1,0,-1"		0	0	0	-1	-1	-1	-1	-1	-1	0	0	0	-1	0	0	0	0	-1	0	0	0	0	0	0	1	-0.5	0.5	1	0	0	0	0	-1	-1	-1	-1	-1	-1	-1	-1	-1	-1	-1	-1	-1	-1	-1	0	0	0	-1	-1	2147483647	0	0	0	0	0	0	0	0	-1	-1	-1	-1	0	0	-1	-1	0	0	-1	-1	-1	0	-1	-1	-1			-1	-1	0	0	-1	-1	-1	-1	-1	-1	-1	-1	0	0	0	-1	-1	1.15	0	0	0
"3,48,10,-1,0,-1"		0	0	0	-1	-1	-1	-1	-1	-1	0	0	0	-1	0	0	0	0	-1	0	0	0	0	0	0	1	-0.5	0.5	1	0	0	0	0	-1	-1	-1	-1	-1	-1	-1	-1	-1	-1	-1	-1	-1	-1	-1	0	0	0	-1	-1	2147483647	0	0	0	0	0	0	0	0	-1	-1	-1	-1	0	0	-1	-1	0	0	-1	-1	-1	0	-1	-1	-1			-1	-1	0	0	-1	-1	-1	-1	-1	-1	-1	-1	0	0	0	-1	-1	1.15	0	0	0
"3,48,10,-1,0,-1"		0	0	0	-1	-1	-1	-1	-1	-1	0	0	0	-1	0	0	0	0	-1	0	0	0	0	0	0	1	-0.5	0.5	1	0	0	0	0	-1	-1	-1	-1	-1	-1	-1	-1	-1	-1	-1	-1	-1	-1	-1	0	0	0	-1	-1	2147483647	0	0	0	0	0	0	0	0	-1	-1	-1	-1	0	0	-1	-1	0	0	-1	-1	-1	0	-1	-1	-1			-1	-1	0	0	-1	-1	-1	-1	-1	-1	-1	-1	0	0	0	-1	-1	1.15	0	0	0
"3,48,10,-1,0,-1"		0	0	0	-1	-1	-1	-1	-1	-1	0	0	0	-1	0	0	0	0	-1	0	0	0	0	0	0	1	-0.5	0.5	1	0	0	0	0	-1	-1	-1	-1	-1	-1	-1	-1	-1	-1	-1	-1	-1	-1	-1	0	0	0	-1	-1	2147483647	0	0	0	0	0	0	0	0	-1	-1	-1	-1	0	0	-1	-1	0	0	-1	-1	-1	0	-1	-1	-1			-1	-1	0	0	-1	-1	-1	-1	-1	-1	-1	-1	0	0	0	-1	-1	1.15	0	0	0
"3,48,10,-1,0,-1"		0	0	0	-1	-1	-1	-1	-1	-1	0	0	0	-1	0	0	0	0	-1	0	0	0	0	0	0	1	-0.5	0.5	1	0	0	0	0	-1	-1	-1	-1	-1	-1	-1	-1	-1	-1	-1	-1	-1	-1	-1	0	0	0	-1	-1	2147483647	0	0	0	0	0	0	0	0	-1	-1	-1	-1	0	0	-1	-1	0	0	-1	-1	-1	0	-1	-1	-1			-1	-1	0	0	-1	-1	-1	-1	-1	-1	-1	-1	0	0	0	-1	-1	1.15	0	0	0
"3,48,10,-1,0,-1"		0	0	0	-1	-1	-1	-1	-1	-1	0	0	0	-1	0	0	0	0	-1	0	0	0	0	0	0	1	-0.5	0.5	1	0	0	0	0	-1	-1	-1	-1	-1	-1	-1	-1	-1	-1	-1	-1	-1	-1	-1	0	0	0	-1	-1	2147483647	0	0	0	0	0	0	0	0	-1	-1	-1	-1	0	0	-1	-1	0	0	-1	-1	-1	0	-1	-1	-1			-1	-1	0	0	-1	-1	-1	-1	-1	-1	-1	-1	0	0	0	-1	-1	1.15	0	0	0
"3,48,10,-1,0,-1"		0	0	0	-1	-1	-1	-1	-1	-1	0	0	0	-1	0	0	0	0	-1	0	0	0	0	0	0	1	-0.5	0.5	1	0	0	0	0	-1	-1	-1	-1	-1	-1	-1	-1	-1	-1	-1	-1	-1	-1	-1	0	0	0	-1	-1	2147483647	0	0	0	0	0	0	0	0	-1	-1	-1	-1	0	0	-1	-1	0	0	-1	-1	-1	0	-1	-1	-1			-1	-1	0	0	-1	-1	-1	-1	-1	-1	-1	-1	0	0	0	-1	-1	1.15	0	0	0
"3,48,10,-1,0,-1"		0	0	0	-1	-1	-1	-1	-1	-1	0	0	0	-1	0	0	0	0	-1	0	0	0	0	0	0	1	-0.5	0.5	1	0	0	0	0	-1	-1	-1	-1	-1	-1	-1	-1	-1	-1	-1	-1	-1	-1	-1	0	0	0	-1	-1	2147483647	0	0	0	0	0	0	0	0	-1	-1	-1	-1	0	0	-1	-1	0	0	-1	-1	-1	0	-1	-1	-1			-1	-1	0	0	-1	-1	-1	-1	-1	-1	-1	-1	0	0	0	-1	-1	1.15	0	0	0
"3,48,10,-1,0,-1"		0	0	0	-1	-1	-1	-1	-1	-1	0	0	0	-1	0	0	0	0	-1	0	0	0	0	0	0	1	-0.5	0.5	1	0	0	0	0	-1	-1	-1	-1	-1	-1	-1	-1	-1	-1	-1	-1	-1	-1	-1	0	0	0	-1	-1	2147483647	0	0	0	0	0	0	0	0	-1	-1	-1	-1	0	0	-1	-1	0	0	-1	-1	-1	0	-1	-1	-1			-1	-1	0	0	-1	-1	-1	-1	-1	-1	-1	-1	0	0	0	-1	-1	1.15	0	0	0
"3,48,10,-1,0,-1"		0	0	0	-1	-1	-1	-1	-1	-1	0	0	0	-1	0	0	0	0	-1	0	0	0	0	0	0	1	-0.5	0.5	1	0	0	0	0	-1	-1	-1	-1	-1	-1	-1	-1	-1	-1	-1	-1	-1	-1	-1	0	0	0	-1	-1	2147483647	0	0	0	0	0	0	0	0	-1	-1	-1	-1	0	0	-1	-1	0	0	-1	-1	-1	0	-1	-1	-1			-1	-1	0	0	-1	-1	-1	-1	-1	-1	-1	-1	0	0	0	-1	-1	1.15	0	0	0
"3,48,10,-1,0,-1"		0	0	0	-1	-1	-1	-1	-1	-1	0	0	0	-1	0	0	0	0	-1	0	0	0	0	0	0	1	-0.5	0.5	1	0	0	0	0	-1	-1	-1	-1	-1	-1	-1	-1	-1	-1	-1	-1	-1	-1	-1	0	0	0	-1	-1	2147483647	0	0	0	0	0	0	0	0	-1	-1	-1	-1	0	0	-1	-1	0	0	-1	-1	-1	0	-1	-1	-1			-1	-1	0	0	-1	-1	-1	-1	-1	-1	-1	-1	0	0	0	-1	-1	1.15	0	0	0
"3,48,10,-1,0,-1"		0	0	0	-1	-1	-1	-1	-1	-1	0	0	0	-1	0	0	0	0	-1	0	0	0	0	0	0	1	-0.5	0.5	1	0	0	0	0	-1	-1	-1	-1	-1	-1	-1	-1	-1	-1	-1	-1	-1	-1	-1	0	0	0	-1	-1	2147483647	0	0	0	0	0	0	0	0	-1	-1	-1	-1	0	0	-1	-1	0	0	-1	-1	-1	0	-1	-1	-1			-1	-1	0	0	-1	-1	-1	-1	-1	-1	-1	-1	0	0	0	-1	-1	1.15	0	0	0
"3,48,10,-1,0,-1"		0	0	0	-1	-1	-1	-1	-1	-1	0	0	0	-1	0	0	0	0	-1	0	0	0	0	0	0	1	-0.5	0.5	1	0	0	0	0	-1	-1	-1	-1	-1	-1	-1	-1	-1	-1	-1	-1	-1	-1	-1	0	0	0	-1	-1	2147483647	0	0	0	0	0	0	0	0	-1	-1	-1	-1	0	0	-1	-1	0	0	-1	-1	-1	0	-1	-1	-1			-1	-1	0	0	-1	-1	-1	-1	-1	-1	-1	-1	0	0	0	-1	-1	1.15	0	0	0
"3,48,10,-1,0,-1"		0	0	0	-1	-1	-1	-1	-1	-1	0	0	0	-1	0	0	0	0	-1	0	0	0	0	0	0	1	-0.5	0.5	1	0	0	0	0	-1	-1	-1	-1	-1	-1	-1	-1	-1	-1	-1	-1	-1	-1	-1	0	0	0	-1	-1	2147483647	0	0	0	0	0	0	0	0	-1	-1	-1	-1	0	0	-1	-1	0	0	-1	-1	-1	0	-1	-1	-1			-1	-1	0	0	-1	-1	-1	-1	-1	-1	-1	-1	0	0	0	-1	-1	1.15	0	0	0
"3,48,10,-1,0,-1"		0	0	0	-1	-1	-1	-1	-1	-1	0	0	0	-1	0	0	0	0	-1	0	0	0	0	0	0	1	-0.5	0.5	1	0	0	0	0	-1	-1	-1	-1	-1	-1	-1	-1	-1	-1	-1	-1	-1	-1	-1	0	0	0	-1	-1	2147483647	0	0	0	0	0	0	0	0	-1	-1	-1	-1	0	0	-1	-1	0	0	-1	-1	-1	0	-1	-1	-1			-1	-1	0	0	-1	-1	-1	-1	-1	-1	-1	-1	0	0	0	-1	-1	1.15	0	0	0
"3,48,10,-1,0,-1"		0	0	0	-1	-1	-1	-1	-1	-1	0	0	0	-1	0	0	0	0	-1	0	0	0	0	0	0	1	-0.5	0.5	1	0	0	0	0	-1	-1	-1	-1	-1	-1	-1	-1	-1	-1	-1	-1	-1	-1	-1	0	0	0	-1	-1	2147483647	0	0	0	0	0	0	0	0	-1	-1	-1	-1	0	0	-1	-1	0	0	-1	-1	-1	0	-1	-1	-1			-1	-1	0	0	-1	-1	-1	-1	-1	-1	-1	-1	0	0	0	-1	-1	1.15	0	0	0
"3,48,10,-1,0,-1"		0	0	0	-1	-1	-1	-1	-1	-1	0	0	0	-1	0	0	0	0	-1	0	0	0	0	0	0	1	-0.5	0.5	1	0	0	0	0	-1	-1	-1	-1	-1	-1	-1	-1	-1	-1	-1	-1	-1	-1	-1	0	0	0	-1	-1	2147483647	0	0	0	0	0	0	0	0	-1	-1	-1	-1	0	0	-1	-1	0	0	-1	-1	-1	0	-1	-1	-1			-1	-1	0	0	-1	-1	-1	-1	-1	-1	-1	-1	0	0	0	-1	-1	1.15	0	0	0
"3,48,10,-1,0,-1"		0	0	0	-1	-1	-1	-1	-1	-1	0	0	0	-1	0	0	0	0	-1	0	0	0	0	0	0	1	-0.5	0.5	1	0	0	0	0	-1	-1	-1	-1	-1	-1	-1	-1	-1	-1	-1	-1	-1	-1	-1	0	0	0	-1	-1	2147483647	0	0	0	0	0	0	0	0	-1	-1	-1	-1	0	0	-1	-1	0	0	-1	-1	-1	0	-1	-1	-1			-1	-1	0	0	-1	-1	-1	-1	-1	-1	-1	-1	0	0	0	-1	-1	1.15	0	0	0
"3,48,10,-1,0,-1"		0	0	0	-1	-1	-1	-1	-1	-1	0	0	0	-1	0	0	0	0	-1	0	0	0	0	0	0	1	-0.5	0.5	1	0	0	0	0	-1	-1	-1	-1	-1	-1	-1	-1	-1	-1	-1	-1	-1	-1	-1	0	0	0	-1	-1	2147483647	0	0	0	0	0	0	0	0	-1	-1	-1	-1	0	0	-1	-1	0	0	-1	-1	-1	0	-1	-1	-1			-1	-1	0	0	-1	-1	-1	-1	-1	-1	-1	-1	0	0	0	-1	-1	1.15	0	0	0
"3,48,100,-1,0,-1"		0	0	0	-1	-1	-1	-1	-1	-1	0	0	0	-1	0	0	0	0	-1	0	0	0	0	0	0	1	-0.5	0.5	1	0	0	0	0	-1	-1	-1	-1	-1	-1	-1	-1	-1	-1	-1	-1	-1	-1	-1	0	0	0	-1	-1	2147483647	0	0	0	0	0	0	0	0	-1	-1	-1	-1	0	0	-1	-1	0	0	-1	-1	-1	0	-1	-1	-1			-1	-1	0	0	-1	-1	-1	-1	-1	-1	-1	-1	0	0	0	-1	-1	1.15	0	0	0
"3,48,100,-1,0,-1"		0	0	0	-1	-1	-1	-1	-1	-1	0	0	0	-1	0	0	0	0	-1	0	0	0	0	0	0	1	-0.5	0.5	1	0	0	0	0	-1	-1	-1	-1	-1	-1	-1	-1	-1	-1	-1	-1	-1	-1	-1	0	0	0	-1	-1	2147483647	0	0	0	0	0	0	0	0	-1	-1	-1	-1	0	0	-1	-1	0	0	-1	-1	-1	0	-1	-1	-1			-1	-1	0	0	-1	-1	-1	-1	-1	-1	-1	-1	0	0	0	-1	-1	1.15	0	0	0
"3,48,100,-1,0,-1"		0	0	0	-1	-1	-1	-1	-1	-1	0	0	0	-1	0	0	0	0	-1	0	0	0	0	0	0	1	-0.5	0.5	1	0	0	0	0	-1	-1	-1	-1	-1	-1	-1	-1	-1	-1	-1	-1	-1	-1	-1	0	0	0	-1	-1	2147483647	0	0	0	0	0	0	0	0	-1	-1	-1	-1	0	0	-1	-1	0	0	-1	-1	-1	0	-1	-1	-1			-1	-1	0	0	-1	-1	-1	-1	-1	-1	-1	-1	0	0	0	-1	-1	1.15	0	0	0
"3,48,100,-1,0,-1"		0	0	0	-1	-1	-1	-1	-1	-1	0	0	0	-1	0	0	0	0	-1	0	0	0	0	0	0	1	-0.5	0.5	1	0	0	0	0	-1	-1	-1	-1	-1	-1	-1	-1	-1	-1	-1	-1	-1	-1	-1	0	0	0	-1	-1	2147483647	0	0	0	0	0	0	0	0	-1	-1	-1	-1	0	0	-1	-1	0	0	-1	-1	-1	0	-1	-1	-1			-1	-1	0	0	-1	-1	-1	-1	-1	-1	-1	-1	0	0	0	-1	-1	1.15	0	0	0
"3,48,100,-1,0,-1"		0	0	0	-1	-1	-1	-1	-1	-1	0	0	0	-1	0	0	0	0	-1	0	0	0	0	0	0	1	-0.5	0.5	1	0	0	0	0	-1	-1	-1	-1	-1	-1	-1	-1	-1	-1	-1	-1	-1	-1	-1	0	0	0	-1	-1	2147483647	0	0	0	0	0	0	0	0	-1	-1	-1	-1	0	0	-1	-1	0	0	-1	-1	-1	0	-1	-1	-1			-1	-1	0	0	-1	-1	-1	-1	-1	-1	-1	-1	0	0	0	-1	-1	1.15	0	0	0
"3,60,0,-1,0,-1"	"Duel Arena City"	17477	150	0	0	-1	-1	8697	-1	-1	0	0	0	-1	0	0	0	0	-1	0	0	0	0	0	0	1	-0.5	0.5	1	0	0	0	0	-1	-1	-1	-1	-1	-1	-1	-1	-1	-1	-1	-1	-1	-1	-1	0	0	0	-1	0	2147483647	"26,30,0"	"26,60,0"	0	0	0	0	0	0	-1	-1	-1	-1	0	0	-1	-1	0	0	-1	-1	-1	0	0	-1	-1	"map_circle"	"map_circle_dotted"	38	3	0	0	-1	-1	-1	-1	-1	-1	-1	-1	0	"26,0,0"	1	1200	-1	1.15	0	0	0
"3,1,0,-1,0,-1"	"Town Portal"	21059	151	0	0	-1	-1	8665	-1	-1	1	0	0	-1	0	0	0	1	-1	0	0	0	0	0	0	1	-0.5	0.5	1	0	0	0	0	-1	-1	-1	-1	-1	-1	-1	-1	-1	-1	-1	-1	-1	-1	-1	0	0	0	-1	0	2147483647	"26,1,0"	"26,1,0"	0	0	0	0	0	0	-1	-1	-1	-1	0	0	-1	-1	0	0	-1	-1	2	0	-1	-1	-1			-1	0	0	0	-1	-1	-1	-1	-1	-1	-1	-1	0	0	0	-1	-1	1.15	0	0	0
"3,63,0,-1,0,-1"	"TheDark"	21315	152	0	1	-1	-1	8595	-1	-1	0	0	0	-1	0	0	0	0	-1	0	0	0	0	0	0	1	-0.5	0.5	1	0	0	0	0	-1	-1	-1	-1	-1	-1	-1	-1	-1	-1	-1	-1	-1	-1	-1	0	0	0	-1	0	2147483647	"710,26,3,26,4,3,33,0"	"710,26,3,26,4,3,33,0"	0	0	0	0	0	0	-1	-1	-1	-1	0	0	-1	-1	0	0	-1	-1	-1	0	-1	-1	-1			-1	0	0	0	-1	-1	-1	-1	-1	-1	-1	-1	0	0	0	-1	-1	1.15	0	0	0
"3,1,0,-1,0,-1"	"FPS Action Test"	21571	153	0	0	-1	-1	8666	-1	-1	0	0	0	-1	0	0	0	0	-1	0	0	0	0	0	0	1	-0.5	0.5	1	0	0	0	0	-1	-1	-1	-1	-1	-1	-1	-1	-1	-1	-1	-1	-1	-1	-1	0	0	0	-1	0	2147483647	"710,26,3,26,4,3,33,0"	"710,26,3,26,4,3,33,0"	0	0	0	0	0	0	-1	-1	-1	-1	0	0	-1	-1	0	0	-1	-1	-1	0	-1	-1	-1			-1	0	0	0	-1	-1	-1	-1	-1	-1	-1	-1	0	0	0	-1	-1	1.15	0	0	0
"3,1,0,-1,0,-1"	"RTS Test"	21827	154	0	0	-1	-1	8666	-1	-1	0	0	0	-1	0	0	0	0	-1	0	0	0	0	0	0	1	-0.5	0.5	1	0	0	0	0	-1	-1	-1	-1	-1	-1	-1	-1	-1	-1	-1	-1	-1	-1	-1	0	0	0	-1	0	2147483647	"710,26,3,26,4,3,33,0"	"710,26,3,26,4,3,33,0"	0	0	0	0	0	0	-1	-1	-1	-1	0	0	-1	-1	0	0	-1	-1	-1	0	-1	-1	-1			-1	0	0	0	-1	-1	-1	-1	-1	-1	-1	-1	0	0	0	-1	-1	1.15	0	0	0
"3,1,0,-1,0,-1"	"Sewers"	22083	155	0	0	-1	-1	8667	-1	-1	0	0	0	-1	0	0	0	0	-1	0	0	0	0	0	0	1	-0.5	0.5	1	0	0	0	0	-1	-1	-1	-1	-1	-1	-1	-1	-1	-1	-1	-1	-1	-1	-1	0	0	0	-1	0	2147483647	0	"26,1,0"	0	0	0	0	0	0	-1	-1	-1	-1	0.12	0	-1	-1	0	0	-1	-1	-1	0	-1	-1	-1			-1	0	0	0	-1	-1	-1	-1	-1	-1	-1	-1	0	0	0	-1	-1	1.15	0	0	0
"3,1,0,-1,0,-1"	"SoundField"	22339	156	0	0	-1	-1	8592	-1	-1	0	0	0	-1	0	0	0	0	-1	0	0	0	0	0	0	1	-0.5	0.5	1	0	0	0	0	8	-1	-1	-1	-1	-1	-1	-1	-1	-1	-1	-1	-1	-1	-1	0	0	0	-1	0	2147483647	"26,1,0"	"26,1,0"	0	0	0	0	0	0	-1	-1	-1	-1	0	0	-1	-1	0	0	-1	-1	-1	0	-1	-1	-1			-1	0	0	0	-1	-1	-1	-1	-1	-1	-1	-1	100	"26,0,0"	0	-1	-1	1.15	0	0	0
"3,1,0,-1,0,-1"	"Soundfield_Part_Deux"	22595	157	0	0	-1	-1	8668	-1	-1	0	0	0	-1	0	0	0	0	-1	0	0	0	0	0	0	1	-0.5	0.5	1	0	0	0	0	-1	-1	-1	-1	-1	-1	-1	-1	-1	-1	-1	-1	-1	-1	-1	0	0	0	-1	2	2147483647	0	0	0	0	0	0	0	0	-1	-1	-1	-1	0	0	-1	-1	0	0	-1	-1	-1	0	-1	-1	-1			-1	0	0	0	-1	-1	-1	-1	-1	-1	-1	-1	0	0	0	-1	-1	1.15	0	0	0
"3,1,0,-1,0,-1"	"MonsterField"	22851	158	0	0	-1	-1	8669	-1	-1	0	0	0	-1	0	0	0	0	-1	0	0	0	0	0	0	1	-0.5	0.5	1	0	0	0	0	-1	-1	-1	-1	-1	-1	-1	-1	-1	-1	-1	-1	-1	-1	-1	0	0	0	-1	2	2147483647	0	0	0	0	0	0	0	0	-1	-1	-1	-1	0	0	-1	-1	0	0	-1	-1	-1	0	-1	-1	-1			-1	0	0	0	-1	-1	-1	-1	-1	-1	-1	-1	0	0	0	-1	-1	1.15	0	0	0
"3,1,0,-1,0,-1"	"TubeStation"	23107	159	0	0	-1	-1	8670	-1	-1	1	0	1	-1	0	1	0	1	-1	0	0	0	0	1	0	1	-0.5	0.5	1	0	0	0	0	-1	-1	-1	-1	-1	-1	-1	-1	-1	-1	-1	-1	-1	-1	-1	0	0	0	-1	2	35	"26,4,0"	"26,4,0"	0	0	0	0	0	0	-1	-1	-1	-1	0.08	0	-1	-1	0	0	-1	-1	-1	0	-1	-1	-1			-1	0	0	0	-1	-1	-1	-1	-1	-1	-1	-1	0	0	0	-1	-1	1.15	0	0	0
"3,1,0,-1,0,-1"	"CoventGarden"	24899	160	0	0	-1	-1	8671	-1	-1	1	0	1	-1	0	1	0	1	-1	0	0	0	0	1	0	1	-0.5	0.5	1	0	0	0	0	-1	-1	-1	-1	-1	-1	-1	-1	-1	-1	-1	-1	-1	-1	-1	0	0	0	-1	2	35	"26,4,0"	"26,4,0"	0	0	0	0	0	0	-1	-1	-1	-1	0.08	0	-1	-1	0	0	-1	-1	-1	0	-1	-1	-1			-1	0	0	0	-1	-1	-1	-1	-1	-1	-1	-1	0	0	0	-1	-1	1.15	0	0	0
"3,1,0,-1,0,-1"	"LeicesterSquare"	25155	161	0	0	-1	-1	8447	-1	-1	1	0	1	-1	0	1	0	1	-1	0	0	0	0	1	0	1	-0.5	0.5	1	0	0	0	0	-1	-1	-1	-1	-1	-1	-1	-1	-1	-1	-1	-1	-1	-1	-1	0	0	0	-1	2	35	"26,4,0"	"26,4,0"	0	0	0	0	0	0	-1	-1	-1	-1	0.08	0	-1	-1	0	0	-1	-1	-1	0	-1	-1	-1			-1	0	0	0	-1	-1	-1	-1	-1	-1	-1	-1	0	0	0	-1	-1	1.15	0	0	0
"3,1,0,-1,0,-1"	"ParkingLot"	25411	162	0	0	-1	-1	8672	-1	-1	0	0	0	-1	0	0	0	0	-1	0	0	0	0	0	0	1	-0.5	0.5	1	0	0	0	0	-1	-1	-1	-1	-1	-1	-1	-1	-1	-1	-1	-1	-1	-1	-1	0	0	0	-1	0	2147483647	"26,1,0"	"26,1,0"	0	0	0	0	0	0	-1	-1	-1	-1	0	0	-1	-1	0	0	-1	-1	-1	0	-1	-1	-1			-1	0	0	0	-1	-1	-1	-1	-1	-1	-1	-1	0	0	0	-1	-1	1.15	0	0	0
"3,1,0,-1,0,-1"	"TubeB"	25667	163	0	0	-1	-1	8593	-1	-1	0	0	0	-1	0	0	0	0	-1	0	0	0	0	0	0	1	-0.5	0.5	1	0	0	0	100	6	-1	-1	-1	-1	-1	-1	-1	-1	-1	-1	-1	-1	-1	-1	0	0	0	-1	0	2147483647	0	0	0	0	0	0	0	0	-1	-1	-1	-1	0	0	-1	-1	0	0	-1	-1	-1	0	-1	-1	-1			-1	0	0	0	-1	-1	-1	-1	-1	-1	-1	-1	0	0	0	-1	-1	1.15	0	0	0
"3,1,0,-1,0,-1"	"TubeB_Crypts"	25923	164	0	0	-1	-1	8593	-1	-1	0	0	0	-1	0	0	0	0	-1	0	0	0	0	0	0	1	-0.5	0.5	1	0	0	0	0	-1	-1	-1	-1	-1	-1	-1	-1	-1	-1	-1	-1	-1	-1	-1	0	0	0	-1	0	2147483647	0	0	0	0	0	0	0	0	-1	-1	-1	-1	0	0	-1	-1	0	0	-1	-1	-1	0	-1	-1	-1			-1	0	0	0	-1	-1	-1	-1	-1	-1	-1	-1	0	0	0	-1	-1	1.15	0	0	0
"3,1,0,-1,0,-1"	"PerformanceTestLevel"	26179	165	0	0	-1	-1	8673	-1	-1	0	0	0	-1	0	0	0	0	-1	0	0	0	0	0	0	1	-0.5	0.5	1	0	0	0	0	-1	-1	-1	-1	-1	-1	-1	-1	-1	-1	-1	-1	-1	-1	-1	0	0	0	-1	0	2147483647	0	0	0	0	0	0	0	0	-1	-1	-1	-1	0	0	-1	-1	0	0	-1	-1	-1	0	-1	-1	-1			-1	0	0	0	-1	-1	-1	-1	-1	-1	-1	-1	0	0	0	-1	-1	1.15	0	0	0
"3,1,0,-1,0,-1"	"PerformanceTestLevelA"	26435	166	0	0	-1	-1	8674	-1	-1	0	0	0	-1	0	0	0	0	-1	0	0	0	0	0	0	1	-0.5	0.5	1	0	0	0	0	-1	-1	-1	-1	-1	-1	-1	-1	-1	-1	-1	-1	-1	-1	-1	0	0	0	-1	0	2147483647	0	0	0	0	0	0	0	0	-1	-1	-1	-1	0	0	-1	-1	0	0	-1	-1	-1	0	-1	-1	-1			-1	0	0	0	-1	-1	-1	-1	-1	-1	-1	-1	0	0	0	-1	-1	1.15	0	0	0
"3,1,0,-1,0,-1"	"PerformanceTestLevelB"	26691	167	0	0	-1	-1	8675	-1	-1	0	0	0	-1	0	0	0	0	-1	0	0	0	0	0	0	1	-0.5	0.5	1	0	0	0	0	-1	-1	-1	-1	-1	-1	-1	-1	-1	-1	-1	-1	-1	-1	-1	0	0	0	-1	0	2147483647	0	0	0	0	0	0	0	0	-1	-1	-1	-1	0	0	-1	-1	0	0	-1	-1	-1	0	-1	-1	-1			-1	0	0	0	-1	-1	-1	-1	-1	-1	-1	-1	0	0	0	-1	-1	1.15	0	0	0
"3,1,0,-1,0,-1"	"PerformanceTestLevelC"	26947	168	0	0	-1	-1	8676	-1	-1	0	0	0	-1	0	0	0	0	-1	0	0	0	0	0	0	1	-0.5	0.5	1	0	0	0	0	-1	-1	-1	-1	-1	-1	-1	-1	-1	-1	-1	-1	-1	-1	-1	0	0	0	-1	0	2147483647	0	0	0	0	0	0	0	0	-1	-1	-1	-1	0	0	-1	-1	0	0	-1	-1	-1	0	-1	-1	-1			-1	0	0	0	-1	-1	-1	-1	-1	-1	-1	-1	0	0	0	-1	-1	1.15	0	0	0
"3,1,0,-1,0,-1"	"MonsterTestLevel"	27203	169	0	0	-1	-1	8677	-1	-1	0	0	0	-1	0	0	0	0	-1	0	0	0	0	0	0	1	-0.5	0.5	1	0	0	0	0	-1	-1	-1	-1	-1	-1	-1	-1	-1	-1	-1	-1	-1	-1	-1	0	0	0	-1	0	2147483647	0	0	0	0	0	0	0	0	-1	-1	-1	-1	0	0	-1	-1	0	0	-1	-1	-1	0	-1	-1	-1			-1	0	0	0	-1	-1	-1	-1	-1	-1	-1	-1	0	0	0	-1	-1	1.15	0	0	0
"3,1,0,-1,0,-1"	"LevelExperiment"	27459	170	0	0	-1	-1	-1	-1	-1	0	0	0	-1	0	0	0	0	-1	0	0	0	0	0	0	1	-0.5	0.5	1	0	0	0	0	-1	-1	-1	-1	-1	-1	-1	-1	-1	-1	-1	-1	-1	-1	-1	0	0	0	-1	0	2147483647	0	0	0	0	0	0	0	0	-1	-1	-1	-1	0	10	-1	-1	0	0	-1	-1	-1	0	-1	-1	-1			-1	0	0	0	-1	-1	-1	-1	-1	-1	-1	-1	0	0	0	-1	-1	1.15	0	0	0
"3,1,0,-1,0,-1"	"UndergroundPassage"	27715	171	0	0	-1	-1	8678	-1	-1	0	0	0	-1	0	0	0	0	-1	0	0	0	0	0	0	1	-0.5	0.5	1	0	0	0	0	-1	-1	-1	-1	-1	-1	-1	-1	-1	-1	-1	-1	-1	-1	-1	0	0	0	-1	0	2147483647	0	0	0	0	0	0	0	0	-1	-1	-1	-1	0	10	-1	-1	0	0	-1	-1	-1	0	-1	-1	-1			-1	0	0	0	-1	-1	-1	-1	-1	-1	-1	-1	0	0	0	-1	-1	1.15	0	0	0
"3,1,0,-1,0,-1"	"MiniTubesDepot"	27971	172	0	0	-1	-1	8679	-1	-1	0	0	0	-1	0	0	0	0	-1	0	0	0	0	0	0	1	-0.5	0.5	1	0	0	0	0	-1	-1	-1	-1	-1	-1	-1	-1	-1	-1	-1	-1	-1	-1	-1	0	0	0	-1	0	2147483647	0	0	0	0	0	0	0	0	-1	-1	-1	-1	0.12	10	-1	-1	0	0	-1	-1	-1	0	-1	-1	-1			-1	0	0	0	-1	-1	-1	-1	-1	-1	-1	-1	10	"26,1,0"	0	-1	-1	1.15	0	0	0
"3,1,0,-1,0,-1"	"MiniTubesShort"	24900	173	0	0	-1	-1	-1	-1	-1	0	0	0	-1	0	0	0	0	-1	0	0	0	0	0	0	1	-0.5	0.5	1	0	0	0	0	-1	-1	-1	-1	-1	-1	-1	-1	-1	-1	-1	-1	-1	-1	-1	0	0	0	-1	0	2147483647	0	0	0	0	0	0	0	0	-1	-1	-1	-1	0.12	10	-1	-1	0	0	-1	-1	-1	0	-1	-1	-1			-1	0	0	0	-1	-1	-1	-1	-1	-1	-1	-1	10	"26,1,0"	0	-1	-1	1.15	0	0	0
"3,1,0,-1,0,-1"	"MiniTubesAndRooms"	28227	174	0	0	-1	-1	8681	-1	-1	0	0	0	-1	0	0	0	0	-1	0	0	0	0	0	0	1	-0.5	0.5	1	0	0	0	0	-1	-1	-1	-1	-1	-1	-1	-1	-1	-1	-1	-1	-1	-1	-1	0	0	0	-1	0	2147483647	0	0	0	0	0	0	0	0	-1	-1	-1	-1	0.12	10	-1	-1	0	0	-1	-1	-1	0	-1	-1	-1			-1	0	0	0	-1	-1	-1	-1	-1	-1	-1	-1	10	"26,1,0"	0	-1	-1	1.15	0	0	0
"3,1,0,-1,0,-1"	"MiniTubes"	28483	175	0	0	-1	-1	8682	-1	-1	0	0	0	-1	0	0	0	0	-1	0	0	0	0	0	0	1	-0.5	0.5	1	0	0	0	0	-1	-1	-1	-1	-1	-1	-1	-1	-1	-1	-1	-1	-1	-1	-1	0	0	0	-1	0	2147483647	0	0	0	0	0	0	0	0	-1	-1	-1	-1	0.12	10	-1	-1	0	0	-1	-1	-1	0	-1	-1	-1			-1	0	0	0	-1	-1	-1	-1	-1	-1	-1	-1	10	"26,1,0"	0	-1	-1	1.15	0	0	0
"3,1,0,-1,0,-1"	"MiniTubesStationA"	28739	176	0	0	-1	-1	8683	-1	-1	0	0	0	-1	0	0	0	0	-1	0	0	0	0	0	0	1	-0.5	0.5	1	0	0	0	0	-1	-1	-1	-1	-1	-1	-1	-1	-1	-1	-1	-1	-1	-1	-1	0	0	0	-1	0	2147483647	0	0	0	0	0	0	0	0	-1	-1	-1	-1	0.12	10	-1	-1	0	0	-1	-1	-1	0	-1	-1	-1			-1	0	0	0	-1	-1	-1	-1	-1	-1	-1	-1	10	"26,1,0"	0	-1	-1	1.15	0	0	0
"3,1,0,-1,0,-1"	"IndustrialRooms"	28995	177	0	0	-1	-1	8684	-1	-1	0	0	0	-1	0	0	0	0	-1	0	0	0	0	0	0	1	-0.5	0.5	1	0	0	0	0	-1	-1	-1	-1	-1	-1	-1	-1	-1	-1	-1	-1	-1	-1	-1	0	0	0	-1	0	2147483647	0	0	0	0	0	0	0	0	-1	-1	-1	-1	0.12	10	-1	-1	0	0	-1	-1	-1	0	-1	-1	-1			-1	0	0	0	-1	-1	-1	-1	-1	-1	-1	-1	10	"26,1,0"	0	-1	-1	1.15	0	0	0
"3,1,0,-1,0,-1"	"IndustrialHalls"	29251	178	0	0	-1	-1	8685	-1	-1	0	0	0	-1	0	0	0	0	-1	0	0	0	0	0	0	1	-0.5	0.5	1	0	0	0	0	-1	-1	-1	-1	-1	-1	-1	-1	-1	-1	-1	-1	-1	-1	-1	0	0	0	-1	0	2147483647	0	0	0	0	0	0	0	0	-1	-1	-1	-1	0.12	10	-1	-1	0	0	-1	-1	-1	0	-1	-1	-1			-1	0	0	0	-1	-1	-1	-1	-1	-1	-1	-1	10	"26,1,0"	0	-1	-1	1.15	0	0	0
"3,1,0,-1,0,-1"	"IndustrialTubes"	29507	179	0	0	-1	-1	8686	-1	-1	0	0	0	-1	0	0	0	0	-1	0	0	0	0	0	0	1	-0.5	0.5	1	0	0	0	0	-1	-1	-1	-1	-1	-1	-1	-1	-1	-1	-1	-1	-1	-1	-1	0	0	0	-1	0	2147483647	0	0	0	0	0	0	0	0	-1	-1	-1	-1	0.12	10	-1	-1	0	0	-1	-1	-1	0	-1	-1	-1			-1	0	0	0	-1	-1	-1	-1	-1	-1	-1	-1	10	"26,1,0"	0	-1	-1	1.15	0	0	0
"3,1,0,-1,0,-1"	"MiniRooms"	29763	180	0	0	-1	-1	8687	-1	-1	0	0	0	-1	0	0	0	0	-1	0	0	0	0	0	0	1	-0.5	0.5	1	0	0	0	0	-1	-1	-1	-1	-1	-1	-1	-1	-1	-1	-1	-1	-1	-1	-1	0	0	0	-1	0	2147483647	0	0	0	0	0	0	0	0	-1	-1	-1	-1	0.12	10	-1	-1	0	0	-1	-1	-1	0	-1	-1	-1			-1	0	0	0	-1	-1	-1	-1	-1	-1	-1	-1	10	"26,1,0"	0	-1	-1	1.15	0	0	0
"3,60,0,-1,0,-1"	"MiniRoomsAdventure"	30019	181	0	0	-1	-1	8648	-1	-1	0	0	0	-1	0	0	0	0	-1	0	1	0	0	0	0	1	-0.5	0.5	1	0	0	0	0	-1	-1	-1	-1	-1	-1	-1	-1	-1	-1	-1	-1	-1	-1	-1	0	0	0	-1	0	2147483647	0	0	0	1	0	0	0	0	-1	-1	-1	-1	0.25	10	-1	-1	0	0	-1	-1	-1	0	-1	-1	-1			-1	0	0	0	-1	-1	-1	-1	-1	-1	-1	-1	10	"26,1,0"	0	-1	-1	1.15	0	0	0
"3,60,0,-1,0,-1"	"MiniRoomsAdventureChampion"	30275	182	0	0	-1	-1	8649	-1	-1	0	0	0	-1	0	0	0	0	-1	0	1	0	0	0	0	1	-0.5	0.5	1	0	0	0	0	-1	-1	-1	-1	-1	-1	-1	-1	-1	-1	-1	-1	-1	-1	-1	0	0	0	-1	0	2147483647	0	0	0	1	0	0	0	0	-1	-1	-1	-1	0.5	100	-1	-1	0	0	-1	-1	-1	0	-1	-1	-1			-1	0	0	0	-1	-1	-1	-1	-1	-1	-1	-1	10	"26,1,0"	0	-1	-1	1.15	0	0	0
"3,60,0,-1,0,-1"	"MiniRoomsAdventureTreasure"	30531	183	0	0	-1	-1	8650	-1	-1	0	0	0	-1	0	0	0	0	-1	0	1	0	0	0	0	1	-0.5	0.5	1	0	0	0	0	-1	-1	-1	-1	-1	-1	-1	-1	-1	-1	-1	-1	-1	-1	-1	0	0	0	-1	0	2147483647	0	0	0	1	0	0	0	0	-1	-1	-1	-1	0.25	0	-1	-1	0	0	-1	-1	-1	0	-1	-1	-1			-1	0	0	0	-1	-1	-1	-1	-1	-1	-1	-1	10	"26,1,0"	0	-1	-1	1.15	0	0	0
"3,1,0,-1,0,-1"	"MiniRoomsDark"	30787	184	0	0	-1	-1	8688	-1	-1	0	0	0	-1	0	0	0	0	-1	0	0	0	0	0	0	1	-0.5	0.5	1	0	0	0	0	-1	-1	-1	-1	-1	-1	-1	-1	-1	-1	-1	-1	-1	-1	-1	0	0	0	-1	0	2147483647	0	0	0	0	0	0	0	0	-1	-1	-1	-1	0.12	0	-1	-1	0	0	-1	-1	-1	0	-1	-1	-1			-1	0	0	0	-1	-1	-1	-1	-1	-1	-1	-1	10	"26,1,0"	0	-1	-1	1.15	0	0	0
"3,1,0,-1,0,-1"	"MiniTubesHole"	31043	185	0	0	-1	-1	8689	-1	-1	0	0	0	-1	0	0	0	0	-1	0	0	0	0	0	0	1	-0.5	0.5	1	0	0	0	0	-1	-1	-1	-1	-1	-1	-1	-1	-1	-1	-1	-1	-1	-1	-1	0	0	0	-1	0	2147483647	0	0	0	0	0	0	0	0	-1	-1	-1	-1	0.12	10	-1	-1	0	0	-1	-1	-1	0	-1	-1	-1			-1	0	0	0	-1	-1	-1	-1	-1	-1	-1	-1	0	0	0	-1	-1	1.15	0	0	0
"3,60,0,-1,0,-1"	"MiniSewersAdventure"	31299	186	0	0	-1	-1	8648	-1	-1	0	0	0	-1	0	0	0	0	-1	0	1	0	0	0	0	1	-0.5	0.5	1	0	0	0	0	-1	-1	-1	-1	-1	-1	-1	-1	-1	-1	-1	-1	-1	-1	-1	0	0	0	-1	0	2147483647	0	0	0	1	0	0	0	0	-1	-1	-1	-1	0.25	10	-1	-1	0	0	-1	-1	-1	0	-1	-1	-1			-1	0	0	0	-1	-1	-1	-1	-1	-1	-1	-1	10	"26,1,0"	0	-1	-1	1.15	0	0	0
"3,60,0,-1,0,-1"	"MiniSewersAdventureChampion"	16708	187	0	0	-1	-1	8649	-1	-1	0	0	0	-1	0	0	0	0	-1	0	1	0	0	0	0	1	-0.5	0.5	1	0	0	0	0	-1	-1	-1	-1	-1	-1	-1	-1	-1	-1	-1	-1	-1	-1	-1	0	0	0	-1	0	2147483647	0	0	0	1	0	0	0	0	-1	-1	-1	-1	0.5	100	-1	-1	0	0	-1	-1	-1	0	-1	-1	-1			-1	0	0	0	-1	-1	-1	-1	-1	-1	-1	-1	10	"26,1,0"	0	-1	-1	1.15	0	0	0
"3,60,0,-1,0,-1"	"MiniSewersAdventureTreasure"	16964	188	0	0	-1	-1	8650	-1	-1	0	0	0	-1	0	0	0	0	-1	0	1	0	0	0	0	1	-0.5	0.5	1	0	0	0	0	-1	-1	-1	-1	-1	-1	-1	-1	-1	-1	-1	-1	-1	-1	-1	0	0	0	-1	0	2147483647	0	0	0	1	0	0	0	0	-1	-1	-1	-1	0.25	0	-1	-1	0	0	-1	-1	-1	0	-1	-1	-1			-1	0	0	0	-1	-1	-1	-1	-1	-1	-1	-1	10	"26,1,0"	0	-1	-1	1.15	0	0	0
"3,60,0,-1,0,-1"	"HellTower"	17220	189	0	0	-1	-1	8625	-1	-1	0	0	0	-1	0	0	0	0	-1	0	0	0	0	0	0	1	-0.5	0.5	1	0	0	0	0	-1	-1	-1	-1	-1	-1	-1	-1	-1	-1	-1	-1	-1	-1	-1	0	0	0	-1	0	2147483647	"710,26,7,26,8,3,33,0"	"26,34,0"	0	0	0	0	0	0	-1	-1	-1	-1	0.12	0	-1	-1	0	0	-1	-1	-1	0	-1	-1	-1			-1	0	0	0	-1	-1	-1	-1	-1	-1	-1	-1	0	0	0	-1	-1	1.15	0	0	0
"3,60,0,-1,0,-1"	"HellTowerFawkes"	17476	190	0	0	-1	-1	8624	-1	-1	0	0	0	-1	0	0	0	0	-1	0	0	0	0	0	0	1	-0.5	0.5	1	0	0	0	0	-1	-1	-1	-1	-1	-1	-1	-1	-1	-1	-1	-1	-1	-1	-1	0	0	0	-1	0	2147483647	"710,26,4,26,5,3,33,0"	"26,32,0"	0	0	0	0	0	0	-1	-1	-1	-1	0.12	0	-1	-1	0	0	-1	-1	-1	0	-1	-1	-1			-1	0	0	0	-1	-1	-1	-1	-1	-1	-1	-1	0	0	0	-1	-1	1.15	0	0	0
"3,60,0,-1,0,-1"	"HellTowerHellPortal"	17732	191	0	0	-1	193	8626	-1	-1	0	0	0	-1	0	0	0	0	-1	0	0	0	0	0	0	1	-0.5	0.5	1	0	0	0	0	-1	-1	-1	-1	-1	-1	-1	-1	-1	-1	-1	-1	-1	-1	-1	0	0	0	-1	0	2147483647	"26,1,0"	"26,30,0"	0	0	0	0	0	0	-1	-1	-1	-1	0.12	0	-1	-1	0	0	-1	-1	-1	0	-1	-1	-1			-1	0	0	0	-1	-1	-1	-1	-1	-1	-1	-1	0	0	0	-1	-1	1.15	0	0	0
"3,60,0,-1,0,-1"	"HellTowerHellPortalPrevious"	17988	192	0	0	-1	-1	8627	-1	-1	0	0	0	-1	0	0	0	0	-1	0	0	0	0	0	0	1	-0.5	0.5	1	0	0	0	0	-1	-1	-1	-1	-1	-1	-1	-1	-1	-1	-1	-1	-1	-1	-1	0	0	0	-1	0	2147483647	"26,1,0"	"26,30,0"	0	0	0	0	0	0	-1	-1	-1	-1	0.12	0	-1	-1	0	0	-1	-1	-1	0	-1	-1	-1			-1	0	0	0	-1	-1	-1	-1	-1	-1	-1	-1	0	0	0	-1	-1	1.15	0	0	0
"3,60,0,-1,0,-1"	"HellTowerAdventure"	18244	193	0	0	-1	-1	8628	-1	-1	0	0	0	-1	0	0	0	0	-1	0	1	0	0	0	0	1	-0.5	0.5	1	0	0	0	0	-1	-1	-1	-1	-1	-1	-1	-1	-1	-1	-1	-1	-1	-1	-1	0	0	0	-1	0	2147483647	0	0	0	1	0	0	0	0	-1	-1	-1	-1	0.25	50	-1	-1	0	0	-1	-1	-1	0	-1	-1	-1			-1	0	0	0	-1	-1	-1	-1	-1	-1	-1	-1	0	0	0	-1	-1	1.15	0	0	0
"3,60,0,-1,0,-1"	"HellDungeon"	18500	194	0	0	-1	-1	8629	-1	-1	0	0	0	-1	0	0	0	0	-1	0	0	0	0	0	0	1	-0.5	0.5	1	0	0	0	0	-1	-1	-1	-1	-1	-1	-1	-1	-1	-1	-1	-1	-1	-1	-1	0	0	0	-1	0	2147483647	"710,26,4,26,5,3,33,0"	"26,32,0"	0	0	0	0	0	0	-1	-1	-1	-1	0.12	0	-1	-1	0	0	-1	-1	-1	0	-1	-1	-1			-1	0	0	0	-1	-1	-1	-1	-1	-1	-1	-1	0	0	0	-1	-1	1.15	0	0	0
"3,60,0,-1,0,-1"	"HellDungeonAdventure"	18756	195	0	0	-1	-1	8591	-1	-1	0	0	0	-1	0	0	0	0	-1	0	1	0	0	0	0	1	-0.5	0.5	1	0	0	0	0	-1	-1	-1	-1	-1	-1	-1	-1	-1	-1	-1	-1	-1	-1	-1	0	0	0	-1	0	2147483647	0	0	0	1	0	0	0	0	-1	-1	-1	-1	0.25	10	-1	-1	0	0	-1	-1	-1	0	-1	-1	-1			-1	0	0	0	-1	-1	-1	-1	-1	-1	-1	-1	0	0	0	-1	-1	1.15	0	0	0
"3,60,0,-1,0,-1"	"MiniCavesAdventure"	22340	196	0	0	-1	-1	8648	-1	-1	0	0	0	-1	0	0	0	0	-1	0	1	0	0	0	0	1	-0.5	0.5	1	0	0	0	0	-1	-1	-1	-1	-1	-1	-1	-1	-1	-1	-1	-1	-1	-1	-1	0	0	0	-1	0	2147483647	0	0	0	1	0	0	0	0	-1	-1	-1	-1	0.25	10	-1	-1	0	0	-1	-1	-1	0	-1	-1	-1			-1	0	0	0	-1	-1	-1	-1	-1	-1	-1	-1	10	"26,1,0"	0	-1	-1	1.15	0	0	0
"3,60,0,-1,0,-1"	"MiniCavesAdventureChampion"	22596	197	0	0	-1	-1	8649	-1	-1	0	0	0	-1	0	0	0	0	-1	0	1	0	0	0	0	1	-0.5	0.5	1	0	0	0	0	-1	-1	-1	-1	-1	-1	-1	-1	-1	-1	-1	-1	-1	-1	-1	0	0	0	-1	0	2147483647	0	0	0	1	0	0	0	0	-1	-1	-1	-1	0.5	100	-1	-1	0	0	-1	-1	-1	0	-1	-1	-1			-1	0	0	0	-1	-1	-1	-1	-1	-1	-1	-1	10	"26,1,0"	0	-1	-1	1.15	0	0	0
"3,60,0,-1,0,-1"	"MiniCavesAdventureTreasure"	29252	198	0	0	-1	-1	8650	-1	-1	0	0	0	-1	0	0	0	0	-1	0	1	0	0	0	0	1	-0.5	0.5	1	0	0	0	0	-1	-1	-1	-1	-1	-1	-1	-1	-1	-1	-1	-1	-1	-1	-1	0	0	0	-1	0	2147483647	0	0	0	1	0	0	0	0	-1	-1	-1	-1	0.25	0	-1	-1	0	0	-1	-1	-1	0	-1	-1	-1			-1	0	0	0	-1	-1	-1	-1	-1	-1	-1	-1	10	"26,1,0"	0	-1	-1	1.15	0	0	0
"3,1,0,-1,0,-1"	"MiniCity"	29764	199	0	0	-1	-1	8690	-1	-1	0	0	0	-1	0	0	0	0	-1	0	0	0	0	0	0	1	-0.5	0.5	1	0	0	0	0	-1	-1	-1	-1	-1	-1	-1	-1	-1	-1	-1	-1	-1	-1	-1	0	0	0	-1	0	2147483647	0	0	0	0	0	0	0	0	-1	4	-1	-1	0.12	0	-1	-1	0	0	-1	-1	-1	0	-1	-1	-1			-1	0	0	0	-1	-1	-1	-1	-1	-1	-1	-1	0	0	0	-1	-1	1.15	0	0	0
"3,1,0,-1,0,-1"	"MiniCityRare"	30020	200	0	0	-1	-1	8691	-1	-1	0	0	0	-1	0	0	0	0	-1	0	0	0	0	0	0	1	-0.5	0.5	1	0	0	0	0	-1	-1	-1	-1	-1	-1	-1	-1	-1	-1	-1	-1	-1	-1	-1	0	0	0	-1	0	2147483647	0	0	0	0	0	0	0	0	-1	4	-1	-1	0.12	0	-1	-1	0	0	-1	-1	-1	0	-1	-1	-1			-1	0	0	0	-1	-1	-1	-1	-1	-1	-1	-1	0	0	0	-1	-1	1.15	0	0	0
"3,1,0,-1,0,-1"	"AlleyCity"	30276	201	0	0	-1	-1	8692	-1	-1	0	0	0	-1	0	0	0	0	-1	0	0	0	0	0	0	1	-0.5	0.5	1	0	0	0	0	-1	-1	-1	-1	-1	-1	-1	-1	-1	-1	-1	-1	-1	-1	-1	0	0	0	-1	0	2147483647	0	0	0	0	0	0	0	0	-1	4	-1	-1	0.12	0	-1	-1	0	0	-1	-1	-1	0	-1	-1	-1			-1	0	0	0	-1	-1	-1	-1	-1	-1	-1	-1	0	0	0	-1	-1	1.15	0	0	0
"3,1,0,-1,0,-1"	"BoulevardCity"	30532	202	0	0	-1	-1	8693	-1	-1	0	0	0	-1	0	0	0	0	-1	0	0	0	0	0	0	1	-0.5	0.5	1	0	0	0	0	-1	-1	-1	-1	-1	-1	-1	-1	-1	-1	-1	-1	-1	-1	-1	0	0	0	-1	0	2147483647	0	0	0	0	0	0	0	0	-1	4	-1	-1	0.12	0	-1	-1	0	0	-1	-1	-1	0	-1	-1	-1			-1	0	0	0	-1	-1	-1	-1	-1	-1	-1	-1	0	0	0	-1	-1	1.15	0	0	0
"3,1,0,-1,0,-1"	"ParkCity"	30788	203	0	0	-1	-1	8694	-1	-1	0	0	0	-1	0	0	0	0	-1	0	0	0	0	0	0	1	-0.5	0.5	1	0	0	0	0	-1	-1	-1	-1	-1	-1	-1	-1	-1	-1	-1	-1	-1	-1	-1	0	0	0	-1	0	2147483647	0	0	0	0	0	0	0	0	-1	4	-1	-1	0.12	0	-1	-1	0	0	-1	-1	-1	0	-1	-1	-1			-1	0	0	0	-1	-1	-1	-1	-1	-1	-1	-1	0	0	0	-1	-1	1.15	0	0	0
"3,1,0,-1,0,-1"	"River"	20292	204	0	0	-1	-1	8695	-1	-1	0	0	0	-1	0	0	0	0	-1	0	0	0	0	0	0	1	-0.5	0.5	1	0	0	0	0	-1	-1	-1	-1	-1	-1	-1	-1	-1	-1	-1	-1	-1	-1	-1	0	0	0	-1	0	2147483647	0	0	0	0	0	0	0	0	-1	-1	-1	-1	0.12	0	-1	-1	0	0	-1	-1	-1	0	-1	-1	-1			-1	0	0	0	-1	-1	-1	-1	-1	-1	-1	-1	0	0	0	-1	-1	1.15	0	0	0
"3,63,0,-1,0,-1"	"CharacterCreation"	20548	205	0	0	-1	-1	8620	-1	-1	0	0	0	-1	0	0	0	0	-1	0	0	0	0	0	0	1	-0.5	0.5	1	0	0	0	0	-1	-1	-1	-1	-1	-1	-1	-1	-1	-1	-1	-1	-1	-1	-1	0	0	0	-1	0	2147483647	0	0	0	0	0	0	0	0	-1	-1	-1	-1	0	0	-1	-1	0	0	-1	-1	-1	0	-1	-1	-1			-1	0	0	0	-1	-1	-1	-1	-1	-1	-1	-1	0	0	0	-1	-1	1.15	0	0	0
"3,48,100,-1,0,-1"		0	0	0	-1	-1	-1	-1	-1	-1	0	0	0	-1	0	0	0	0	-1	0	0	0	0	0	0	1	-0.5	0.5	1	0	0	0	0	-1	-1	-1	-1	-1	-1	-1	-1	-1	-1	-1	-1	-1	-1	-1	0	0	0	-1	-1	2147483647	0	0	0	0	0	0	0	0	-1	-1	-1	-1	0	0	-1	-1	0	0	-1	-1	-1	0	-1	-1	-1			-1	-1	0	0	-1	-1	-1	-1	-1	-1	-1	-1	0	0	0	-1	-1	1.15	0	0	0
"3,48,20,-1,0,-1"		0	0	0	-1	-1	-1	-1	-1	-1	0	0	0	-1	0	0	0	0	-1	0	0	0	0	0	0	1	-0.5	0.5	1	0	0	0	0	-1	-1	-1	-1	-1	-1	-1	-1	-1	-1	-1	-1	-1	-1	-1	0	0	0	-1	-1	2147483647	0	0	0	0	0	0	0	0	-1	-1	-1	-1	0	0	-1	-1	0	0	-1	-1	-1	0	-1	-1	-1			-1	-1	0	0	-1	-1	-1	-1	-1	-1	-1	-1	0	0	0	-1	-1	1.15	0	0	0
"3,1,0,-1,0,-1"	"HavokDemo"	21060	208	0	0	-1	-1	8594	-1	-1	0	0	0	-1	0	0	0	0	-1	0	0	0	0	0	0	1	-0.5	0.5	1	0	0	0	0	-1	-1	-1	-1	-1	-1	-1	-1	-1	-1	-1	-1	-1	-1	-1	0	0	0	-1	0	2147483647	0	0	0	0	0	0	0	0	-1	-1	-1	-1	0	0	-1	-1	0	0	-1	-1	-1	0	-1	-1	-1			-1	0	0	0	-1	-1	-1	-1	-1	-1	-1	-1	0	0	0	-1	-1	1.15	0	0	0
"3,1,0,-1,0,-1"	"NVIDIADemo"	21316	209	0	0	-1	-1	8623	-1	-1	0	0	0	-1	0	0	0	0	-1	0	0	0	0	0	0	1	-0.5	0.5	1	0	0	0	0	-1	-1	-1	-1	-1	-1	-1	-1	-1	-1	-1	-1	-1	-1	-1	0	0	0	-1	0	2147483647	"26,1,0"	"26,1,0"	0	0	0	0	0	0	-1	-1	-1	-1	0	0	-1	-1	0	0	-1	-1	-1	0	-1	-1	-1			-1	0	0	0	-1	-1	-1	-1	-1	-1	-1	-1	0	0	0	-1	-1	1.15	0	0	0
"3,1,0,-1,0,-1"	"LowPolyTest"	21572	210	0	0	-1	-1	8696	-1	-1	0	0	0	-1	0	0	0	0	-1	0	0	0	0	0	0	1	-0.5	0.5	1	0	0	0	0	-1	-1	-1	-1	-1	-1	-1	-1	-1	-1	-1	-1	-1	-1	-1	0	0	0	-1	0	2147483647	0	0	0	0	0	0	0	0	-1	-1	-1	-1	0.12	10	-1	-1	0	0	-1	-1	-1	0	-1	-1	-1			-1	0	0	0	-1	-1	-1	-1	-1	-1	-1	-1	0	0	0	-1	-1	1.15	0	0	0
"3,1,0,-1,0,-1"	"HellNarration"	23108	211	0	0	-1	-1	-1	-1	-1	0	0	0	-1	0	0	0	0	-1	0	0	0	0	0	0	1	-0.5	0.5	1	0	0	0	0	-1	-1	-1	-1	-1	-1	-1	-1	-1	-1	-1	-1	-1	-1	-1	0	0	0	-1	0	2147483647	0	0	0	0	0	0	0	0	-1	-1	-1	-1	0	0	-1	-1	0	0	-1	-1	-1	0	-1	-1	-1			-1	0	0	0	-1	-1	-1	-1	-1	-1	-1	-1	0	0	0	-1	-1	1.15	0	0	0
"3,48,20,-1,0,-1"		0	0	0	-1	-1	-1	-1	-1	-1	0	0	0	-1	0	0	0	0	-1	0	0	0	0	0	0	1	-0.5	0.5	1	0	0	0	0	-1	-1	-1	-1	-1	-1	-1	-1	-1	-1	-1	-1	-1	-1	-1	0	0	0	-1	-1	2147483647	0	0	0	0	0	0	0	0	-1	-1	-1	-1	0	0	-1	-1	0	0	-1	-1	-1	0	-1	-1	-1			-1	-1	0	0	-1	-1	-1	-1	-1	-1	-1	-1	0	0	0	-1	-1	1.15	0	0	0
"3,48,20,-1,0,-1"		0	0	0	-1	-1	-1	-1	-1	-1	0	0	0	-1	0	0	0	0	-1	0	0	0	0	0	0	1	-0.5	0.5	1	0	0	0	0	-1	-1	-1	-1	-1	-1	-1	-1	-1	-1	-1	-1	-1	-1	-1	0	0	0	-1	-1	2147483647	0	0	0	0	0	0	0	0	-1	-1	-1	-1	0	0	-1	-1	0	0	-1	-1	-1	0	-1	-1	-1			-1	-1	0	0	-1	-1	-1	-1	-1	-1	-1	-1	0	0	0	-1	-1	1.15	0	0	0
